Time	LEyePos3dx	LEyePos3dy	LEyePos3dz	LEyePos3dRelx	LEyePos3dRely	LEyePos3dRelz	LGazePos2dx	LGazePos2dy	LGazePos3dx	LGazePos3dy	LGazePos3dz	LPupilDm	LValidity	REyePos3dx	REyePos3dy	REyePos3dz	REyePos3dRelx	REyePos3dRely	REyePos3dRelz	RGazePos2dx	RGazePos2dy	RGazePos3dx	RGazePos3dy	RGazePos3dz	RPupilDm	RValidity	RelTimestamp
2598385135	0.0000	0.0000	0.0000	-1.0000	-1.0000	0.0000	-1.0000	-1.0000	0.0000	0.0000	0.0000	-1.0000	4	0.0000	0.0000	0.0000	-1.0000	-1.0000	0.0000	-1.0000	-1.0000	0.0000	0.0000	0.0000	-1.0000	4	0.0000
2598388467	0.0000	0.0000	0.0000	-1.0000	-1.0000	0.0000	-1.0000	-1.0000	0.0000	0.0000	0.0000	-1.0000	4	0.0000	0.0000	0.0000	-1.0000	-1.0000	0.0000	-1.0000	-1.0000	0.0000	0.0000	0.0000	-1.0000	4	3.3320
2598391800	33.7215	9.7981	640.4686	0.4252	0.4479	0.6349	0.4553	0.5272	-22.9888	163.2864	52.6389	4.4662	0	77.6750	11.4531	646.6208	0.2839	0.4391	0.6554	0.4616	0.4249	-19.7131	190.7585	63.7770	3.7643	0	6.6650
2598395160	33.3365	9.5699	640.5654	0.4265	0.4492	0.6352	0.4687	0.5344	-16.0708	161.3364	51.8483	4.4817	0	77.2959	11.3264	646.7296	0.2852	0.4399	0.6558	0.4553	0.4467	-22.9680	184.9246	61.4117	3.8215	0	10.0250
2598398485	32.9705	9.3645	640.7035	0.4277	0.4504	0.6357	0.4536	0.4871	-23.8224	174.0492	57.0025	4.4291	0	76.9123	11.2172	646.8010	0.2865	0.4405	0.6560	0.4652	0.4505	-17.8874	183.9027	60.9974	3.7785	0	13.3500
2598401763	32.5920	9.1647	640.8778	0.4290	0.4516	0.6363	0.4645	0.4998	-18.2282	170.6542	55.6260	4.4161	0	76.5260	11.1132	646.9297	0.2877	0.4411	0.6564	0.4643	0.4341	-18.3282	188.2906	62.7764	3.7622	0	16.6280
2598405114	32.2122	8.9688	641.0764	0.4303	0.4528	0.6369	0.4656	0.3878	-17.6926	200.7347	67.8217	4.1817	0	76.1384	11.0099	646.9973	0.2890	0.4417	0.6567	0.4574	0.4564	-21.8971	182.3101	60.3517	3.8055	0	19.9790
2598408484	31.8244	8.7827	641.1473	0.4315	0.4538	0.6372	0.4648	0.4632	-18.0681	180.4795	59.6095	4.3706	0	75.7558	10.9272	647.1087	0.2903	0.4422	0.6570	0.4612	0.3941	-19.9289	199.0555	67.1409	3.6095	0	23.3490
2598411731	31.4309	8.6057	641.1773	0.4328	0.4549	0.6373	0.4631	0.5344	-18.9447	161.3416	51.8504	4.4438	0	75.3679	10.8423	647.2009	0.2916	0.4427	0.6573	0.4607	0.4525	-20.1861	183.3550	60.7754	3.7768	0	26.5960
2598415079	31.0469	8.4538	641.4101	0.4341	0.4557	0.6380	0.4662	0.4753	-17.3509	177.2277	58.2912	4.3314	0	74.9719	10.7790	647.3068	0.2929	0.4430	0.6577	0.4604	0.4360	-20.3602	187.7841	62.5711	3.7320	0	29.9440
2598418450	30.6482	8.3111	641.4681	0.4354	0.4566	0.6382	0.4689	0.4296	-15.9730	189.5070	63.2696	4.2168	0	74.5788	10.7257	647.4053	0.2942	0.4434	0.6580	0.4612	0.4427	-19.9269	185.9960	61.8461	3.7152	0	33.3150
2598421811	30.2437	8.1724	641.4801	0.4367	0.4574	0.6383	0.4656	0.5122	-17.6980	167.3239	54.2758	4.4520	0	74.1757	10.6782	647.4693	0.2955	0.4436	0.6582	0.4573	0.4703	-21.9209	178.5819	58.8402	3.8192	0	36.6760
2598425072	29.8454	8.0553	641.7098	0.4381	0.4581	0.6390	0.4595	0.4780	-20.8022	176.4912	57.9926	4.3208	0	73.7799	10.6443	647.5900	0.2968	0.4438	0.6586	0.4635	0.4541	-18.7394	182.9304	60.6032	3.7505	0	39.9370
2598428430	29.4388	7.9630	641.6289	0.4394	0.4586	0.6388	0.4527	0.5285	-24.3063	162.9259	52.4927	4.4272	0	73.3636	10.6247	647.5546	0.2982	0.4439	0.6585	0.4604	0.4190	-20.3583	192.3514	64.4228	3.6641	0	43.2950
2598431777	29.0351	7.8679	641.8053	0.4407	0.4591	0.6394	0.4634	0.5067	-18.8102	168.7997	54.8741	4.3970	0	72.9652	10.6195	647.6456	0.2995	0.4440	0.6588	0.4667	0.4225	-17.1116	191.4016	64.0377	3.6860	0	46.6420
2598435133	28.6250	7.8083	641.8566	0.4421	0.4595	0.6395	0.4630	0.5093	-19.0162	168.0982	54.5897	4.3973	0	72.5536	10.6258	647.6922	0.3008	0.4439	0.6590	0.4697	0.4167	-15.5711	192.9711	64.6740	3.6929	0	49.9980
2598438448	0.0000	0.0000	0.0000	-1.0000	-1.0000	0.0000	-1.0000	-1.0000	0.0000	0.0000	0.0000	-1.0000	4	0.0000	0.0000	0.0000	-1.0000	-1.0000	0.0000	-1.0000	-1.0000	0.0000	0.0000	0.0000	-1.0000	4	53.3130
2598441781	0.0000	0.0000	0.0000	-1.0000	-1.0000	0.0000	-1.0000	-1.0000	0.0000	0.0000	0.0000	-1.0000	4	0.0000	0.0000	0.0000	-1.0000	-1.0000	0.0000	-1.0000	-1.0000	0.0000	0.0000	0.0000	-1.0000	4	56.6460
2598445102	27.3719	7.6893	642.0500	0.4462	0.4602	0.6402	0.4506	0.4144	-25.3651	193.6000	64.9290	4.1521	0	71.3021	10.7324	647.8113	0.3049	0.4433	0.6594	0.4587	0.4434	-21.2108	185.7958	61.7649	3.7349	0	59.9670
2598448453	26.9480	7.6820	642.0626	0.4475	0.4602	0.6402	0.4616	0.3799	-19.7389	202.8710	68.6878	4.0775	0	70.8931	10.7839	647.9342	0.3062	0.4431	0.6598	0.4641	0.4139	-18.4648	193.7279	64.9809	3.7413	0	63.3180
2598451820	26.5211	7.6902	642.1507	0.4489	0.4602	0.6405	0.4632	0.4051	-18.8920	196.0893	65.9383	4.2049	0	70.4660	10.8609	647.9546	0.3076	0.4426	0.6598	0.4601	0.4109	-20.5228	194.5323	65.3070	3.6590	0	66.6850
2598455069	26.0892	7.7184	642.3018	0.4503	0.4600	0.6410	0.4614	0.4496	-19.8080	184.1425	61.0946	4.2486	0	70.0381	10.9384	647.9817	0.3090	0.4422	0.6599	0.4604	0.4175	-20.3396	192.7676	64.5915	3.6119	0	69.9340
2598458425	25.6575	7.7634	642.3342	0.4518	0.4598	0.6411	0.4626	0.5050	-19.2249	169.2500	55.0567	4.3589	0	69.5988	11.0346	647.9399	0.3104	0.4416	0.6598	0.4647	0.4261	-18.1217	190.4489	63.6515	3.6968	0	73.2900
2598461785	25.2251	7.8112	642.4226	0.4532	0.4595	0.6414	0.4660	0.5175	-17.4497	165.8958	53.6968	4.4572	0	69.1755	11.1299	648.0163	0.3118	0.4411	0.6601	0.4519	0.4151	-24.7120	193.3894	64.8437	3.6652	0	76.6500
2598465148	24.7830	7.8724	642.3786	0.4546	0.4591	0.6413	0.4647	0.5287	-18.1232	162.8901	52.4782	4.4456	0	68.7300	11.2513	647.9719	0.3132	0.4404	0.6599	0.4640	0.4489	-18.5207	184.3241	61.1683	3.7434	0	80.0130
2598468401	24.3427	7.9590	642.4544	0.4560	0.4587	0.6415	0.4524	0.4621	-24.4733	180.7814	59.7320	4.3017	0	68.2952	11.3772	648.0554	0.3147	0.4397	0.6602	0.4535	0.4362	-23.8968	187.7244	62.5469	3.6996	0	83.2660
2598471749	23.8960	8.0431	642.4638	0.4575	0.4582	0.6415	0.4578	0.5221	-21.7017	164.6584	53.1951	4.4266	0	67.8580	11.5008	648.0091	0.3160	0.4390	0.6600	0.4583	0.3953	-21.4421	198.7256	67.0071	3.5948	0	86.6140
2598475113	23.4517	8.1470	642.5738	0.4589	0.4576	0.6419	0.4520	0.4916	-24.6403	172.8437	56.5137	4.3809	0	67.4090	11.6411	648.0022	0.3175	0.4382	0.6600	0.4568	0.4430	-22.1766	185.8982	61.8065	3.6625	0	89.9780
2598478471	22.9991	8.2632	642.6127	0.4604	0.4569	0.6420	0.4608	0.4782	-20.1280	176.4431	57.9730	4.3691	0	66.9714	11.7875	648.0838	0.3189	0.4373	0.6603	0.4640	0.4123	-18.4734	194.1504	65.1522	3.6410	0	93.3360
2598481714	22.5531	8.3728	642.6282	0.4619	0.4563	0.6421	0.4559	0.4821	-22.6470	175.4024	57.5511	4.3766	0	66.5267	11.9431	648.0694	0.3204	0.4364	0.6602	0.4631	0.4423	-18.9790	186.0893	61.8839	3.7158	0	96.5790
2598485082	22.1002	8.4984	642.6855	0.4633	0.4556	0.6423	0.4613	0.5317	-19.8631	162.0705	52.1459	4.4469	0	66.0724	12.1032	648.0244	0.3218	0.4355	0.6601	0.4550	0.4154	-23.0963	193.3202	64.8156	3.6429	0	99.9470
2598488435	21.6436	8.6343	642.7387	0.4648	0.4548	0.6425	0.4542	0.4722	-23.5385	178.0608	58.6289	4.3403	0	65.6186	12.2661	648.0332	0.3233	0.4346	0.6601	0.4593	0.4190	-20.9017	192.3441	64.4198	3.6497	0	103.3000
2598491797	21.1859	8.7730	642.7467	0.4663	0.4540	0.6425	0.4622	0.5133	-19.4398	167.0047	54.1464	4.3980	0	65.1686	12.4294	648.0070	0.3247	0.4337	0.6600	0.4563	0.4200	-22.4630	192.0946	64.3187	3.6384	0	106.6620
2598495037	20.7268	8.9063	642.7014	0.4678	0.4532	0.6423	0.4572	0.4181	-21.9839	192.5855	64.5177	4.1608	0	64.7311	12.5968	648.1132	0.3261	0.4327	0.6604	0.4583	0.4640	-21.4329	180.2520	59.5173	3.7452	0	109.9020
2598498415	20.2786	9.0347	642.7382	0.4692	0.4525	0.6425	0.4560	0.5345	-22.6171	161.3331	51.8470	4.4472	0	64.2694	12.7580	648.0361	0.3276	0.4318	0.6601	0.4617	0.4035	-19.6577	196.5167	66.1116	3.5484	0	113.2800
2598501764	19.8224	9.1715	642.8700	0.4707	0.4517	0.6429	0.4611	0.5112	-19.9775	167.5713	54.3761	4.3956	0	63.8110	12.9204	648.0087	0.3291	0.4309	0.6600	0.4551	0.4343	-23.0803	188.2494	62.7597	3.6878	0	116.6290
2598505121	19.3682	9.3080	642.9710	0.4722	0.4509	0.6432	0.4481	0.4855	-26.6752	174.4836	57.1786	4.3596	0	63.3691	13.0821	648.0576	0.3305	0.4299	0.6602	0.4581	0.4018	-21.5059	196.9820	66.3002	3.5331	0	119.9860
2598508400	18.9121	9.4437	643.0058	0.4737	0.4501	0.6434	0.4620	0.4990	-19.5112	170.8604	55.7096	4.3956	0	62.9145	13.2390	648.0360	0.3320	0.4290	0.6601	0.4616	0.4302	-19.7460	189.3573	63.2089	3.6376	0	123.2650
2598511741	18.4527	9.5687	643.0098	0.4752	0.4494	0.6434	0.4472	0.5029	-27.1123	169.8222	55.2887	4.3657	0	62.4700	13.3889	648.0774	0.3334	0.4282	0.6603	0.4550	0.4561	-23.1109	182.3905	60.3843	3.7221	0	126.6060
2598515085	18.0008	9.6831	643.0032	0.4766	0.4487	0.6433	0.4581	0.5359	-21.5263	160.9566	51.6943	4.4264	0	62.0253	13.5270	648.0628	0.3348	0.4274	0.6602	0.4487	0.4702	-26.3540	178.5897	58.8434	3.7892	0	129.9500
2598518443	17.5507	9.7995	643.1196	0.4781	0.4481	0.6437	0.4617	0.5385	-19.6531	160.2572	51.4107	4.4480	0	61.5748	13.6583	648.0717	0.3363	0.4266	0.6602	0.4549	0.4752	-23.1544	177.2517	58.3009	3.7972	0	133.3080
2598521804	17.0964	9.9053	643.1124	0.4796	0.4475	0.6437	0.4540	0.4807	-23.6420	175.7858	57.7066	4.2857	0	61.1318	13.7885	648.1015	0.3377	0.4259	0.6603	0.4492	0.4185	-26.0832	192.4799	64.4749	3.6693	0	136.6690
2598525049	16.6451	9.9978	643.0990	0.4811	0.4469	0.6437	0.4659	0.5404	-17.5271	159.7374	51.2000	4.4464	0	60.6760	13.9179	648.0632	0.3392	0.4252	0.6602	0.4608	0.4096	-20.1268	194.8680	65.4431	3.6402	0	139.9140
2598528414	16.1995	10.0888	643.1928	0.4825	0.4464	0.6440	0.4543	0.4953	-23.4794	171.8522	56.1117	4.3901	0	60.2356	14.0237	648.0883	0.3406	0.4245	0.6603	0.4516	0.5176	-24.8846	165.8673	53.6852	3.8293	0	143.2790
2598531772	15.7497	10.1571	643.2001	0.4840	0.4460	0.6440	0.4565	0.5463	-22.3411	158.1398	50.5523	4.4311	0	59.7823	14.1191	648.0236	0.3421	0.4240	0.6601	0.4548	0.4791	-23.2103	176.1927	57.8715	3.7782	0	146.6370
2598535132	15.3037	10.2284	643.2513	0.4854	0.4456	0.6442	0.4555	0.5134	-22.8627	166.9971	54.1433	4.3559	0	59.3336	14.2248	648.0232	0.3435	0.4234	0.6601	0.4599	0.4113	-20.6023	194.4171	65.2603	3.5596	0	149.9970
2598538374	14.8598	10.2825	643.3662	0.4869	0.4453	0.6446	0.4541	0.5232	-23.5758	164.3515	53.0707	4.4176	0	58.8954	14.2954	648.0396	0.3449	0.4230	0.6601	0.4516	0.4256	-24.8836	190.5946	63.7105	3.6482	0	153.2390
2598541745	14.4114	10.3207	643.2878	0.4883	0.4451	0.6443	0.4596	0.5195	-20.7380	165.3456	53.4737	4.3860	0	58.4557	14.3811	648.0292	0.3463	0.4225	0.6601	0.4520	0.4747	-24.6879	177.3963	58.3595	3.7468	0	156.6100
2598545097	13.9715	10.3484	643.2936	0.4897	0.4449	0.6443	0.4588	0.5291	-21.1869	162.7794	52.4333	4.4505	0	58.0184	14.4366	648.0831	0.3478	0.4222	0.6603	0.4543	0.4548	-23.4689	182.7364	60.5246	3.6937	0	159.9620
2598548456	13.5329	10.3681	643.3769	0.4912	0.4448	0.6446	0.4584	0.5255	-21.3896	163.7405	52.8230	4.4055	0	57.5837	14.4803	648.1014	0.3492	0.4219	0.6603	0.4561	0.4493	-22.5373	184.2202	61.1262	3.7670	0	163.3210
2598551700	13.0917	10.3752	643.4834	0.4926	0.4448	0.6449	0.4578	0.5417	-21.6665	159.3731	51.0523	4.4392	0	57.1482	14.5327	648.1080	0.3506	0.4216	0.6604	0.4501	0.4980	-25.6495	171.1401	55.8230	3.8339	0	166.5650
2598555069	12.6533	10.3676	643.4683	0.4940	0.4448	0.6449	0.4537	0.5342	-23.7740	161.4018	51.8748	4.4848	0	56.7069	14.5645	648.0714	0.3520	0.4214	0.6602	0.4517	0.4255	-24.7919	190.6146	63.7186	3.6787	0	169.9340
2598558421	12.2198	10.3519	643.5560	0.4954	0.4449	0.6452	0.4534	0.5263	-23.9308	163.5155	52.7318	4.4102	0	56.2693	14.5820	648.1353	0.3534	0.4214	0.6605	0.4545	0.4429	-23.3748	185.9460	61.8259	3.6934	0	173.2860
2598561780	11.7823	10.3142	643.4720	0.4969	0.4451	0.6449	0.4594	0.5217	-20.8460	164.7625	53.2373	4.3636	0	55.8423	14.5893	648.1906	0.3548	0.4213	0.6606	0.4615	0.4165	-19.7935	193.0280	64.6971	3.5847	0	176.6450
2598565145	11.3456	10.2730	643.6180	0.4983	0.4454	0.6454	0.4501	0.4591	-25.6400	181.5894	60.0595	4.2335	0	55.3981	14.5855	648.1245	0.3562	0.4213	0.6604	0.4585	0.4248	-21.3017	190.7834	63.7871	3.5921	0	180.0100
2598568405	10.9116	10.2229	643.7252	0.4997	0.4457	0.6458	0.4478	0.4710	-26.8034	178.3740	58.7559	4.2670	0	54.9665	14.5773	648.1547	0.3576	0.4214	0.6605	0.4528	0.4147	-24.2597	193.4970	64.8873	3.6026	0	183.2700
2598571747	10.4769	10.1557	643.7686	0.5011	0.4461	0.6459	0.4492	0.5255	-26.1222	163.7415	52.8234	4.3660	0	54.5308	14.5591	648.1536	0.3590	0.4215	0.6605	0.4520	0.4510	-24.6819	183.7614	60.9401	3.6780	0	186.6120
2598575107	10.0455	10.0802	643.7783	0.5025	0.4465	0.6459	0.4534	0.4728	-23.9499	177.9064	58.5663	4.2233	0	54.0992	14.5316	648.2226	0.3604	0.4216	0.6607	0.4494	0.5128	-26.0006	167.1405	54.2014	3.8314	0	189.9720
2598578455	9.6122	9.9941	643.8646	0.5039	0.4470	0.6462	0.4570	0.4504	-22.0753	183.9146	61.0022	4.1952	0	53.6646	14.4867	648.2591	0.3619	0.4219	0.6609	0.4600	0.4020	-20.5642	196.9183	66.2744	3.5692	0	193.3200
2598581726	9.1788	9.9026	643.8874	0.5053	0.4475	0.6463	0.4550	0.5232	-23.0972	164.3627	53.0752	4.3849	0	53.2230	14.4291	648.2258	0.3633	0.4222	0.6608	0.4540	0.4319	-23.6255	188.8795	63.0152	3.7030	0	196.5910
2598585076	8.7378	9.7969	643.9830	0.5068	0.4481	0.6466	0.4464	0.4415	-27.5461	186.3151	61.9755	4.1705	0	52.7887	14.3836	648.2601	0.3647	0.4225	0.6609	0.4538	0.4263	-23.7326	190.4048	63.6336	3.6227	0	199.9410
2598588428	8.2961	9.6929	644.0495	0.5082	0.4487	0.6468	0.4464	0.4374	-27.5374	187.4202	62.4235	4.1776	0	52.3385	14.3197	648.1814	0.3661	0.4228	0.6606	0.4509	0.4198	-25.2084	192.1347	64.3349	3.5840	0	203.2930
2598591791	7.8553	9.5757	644.0985	0.5096	0.4494	0.6470	0.4492	0.3983	-26.1072	197.9108	66.6768	4.0867	0	51.9008	14.2438	648.3232	0.3676	0.4233	0.6611	0.4496	0.4306	-25.9135	189.2392	63.1610	3.6642	0	206.6560
2598595062	7.4148	9.4535	644.1571	0.5111	0.4501	0.6472	0.4462	0.4775	-27.6634	176.6266	58.0474	4.2497	0	51.4621	14.1797	648.3428	0.3690	0.4237	0.6611	0.4547	0.4026	-23.2741	196.7644	66.2120	3.5785	0	209.9270
2598598395	6.9663	9.3303	644.2871	0.5125	0.4508	0.6476	0.4620	0.4905	-19.5386	173.1424	56.6348	4.2793	0	51.0090	14.0743	648.3755	0.3705	0.4243	0.6613	0.4505	0.4736	-25.4187	177.6800	58.4745	3.7234	0	213.2600
2598601757	6.5070	9.1992	644.3758	0.5140	0.4516	0.6479	0.4596	0.4859	-20.7786	174.3767	57.1353	4.3147	0	50.5634	13.9997	648.4036	0.3719	0.4247	0.6613	0.4559	0.4413	-22.6546	186.3703	61.9979	3.5898	0	216.6220
2598605115	6.0571	9.0603	644.3501	0.5155	0.4524	0.6478	0.4487	0.4561	-26.3741	182.3916	60.3848	4.2248	0	50.1019	13.8861	648.4113	0.3734	0.4253	0.6614	0.4537	0.4374	-23.8129	187.4007	62.4156	3.6488	0	219.9800
2598608383	5.5940	8.9257	644.5202	0.5170	0.4532	0.6484	0.4626	0.3511	-19.2374	210.5923	71.8183	3.9123	0	49.6420	13.7934	648.4612	0.3749	0.4259	0.6615	0.4537	0.4446	-23.7931	185.4826	61.6380	3.6505	0	223.2480
2598611722	5.1267	8.7864	644.7033	0.5185	0.4540	0.6490	0.4472	0.4010	-27.1051	197.1928	66.3857	4.1235	0	49.1788	13.6822	648.5162	0.3764	0.4265	0.6617	0.4544	0.4268	-23.4326	190.2461	63.5692	3.6213	0	226.5870
2598615080	4.6615	8.6422	644.7782	0.5200	0.4548	0.6493	0.4562	0.3485	-22.5250	211.2985	72.1046	3.8296	0	48.7056	13.5546	648.5353	0.3779	0.4272	0.6618	0.4589	0.4277	-21.1296	190.0113	63.4740	3.6044	0	229.9450
2598618431	4.1847	8.4954	644.8557	0.5216	0.4557	0.6495	0.4548	0.3397	-23.2240	213.6497	73.0578	3.9317	0	48.2387	13.4488	648.6216	0.3795	0.4278	0.6621	0.4547	0.4258	-23.2859	190.5144	63.6780	3.6181	0	233.2960
2598621707	3.7045	8.3465	644.8529	0.5232	0.4565	0.6495	0.4504	0.4562	-25.4993	182.3553	60.3701	4.1960	0	47.7604	13.3240	648.6655	0.3810	0.4286	0.6622	0.4519	0.4129	-24.6931	194.0055	65.0934	3.5372	0	236.5720
2598625047	3.2238	8.1921	644.9389	0.5247	0.4574	0.6498	0.4605	0.3721	-20.3164	204.9589	69.5343	4.0056	0	47.2743	13.1833	648.6414	0.3826	0.4294	0.6621	0.4624	0.4059	-19.3331	195.8699	65.8493	3.5429	0	239.9120
2598628406	2.7416	8.0350	645.1127	0.5263	0.4583	0.6504	0.4459	0.5180	-27.8079	165.7644	53.6436	4.4114	0	46.7958	13.0429	648.7427	0.3842	0.4302	0.6625	0.4513	0.4060	-25.0422	195.8366	65.8358	3.6096	0	243.2710
2598631771	2.2539	7.8812	645.2721	0.5279	0.4592	0.6509	0.4527	0.5200	-24.3208	165.2100	53.4188	4.4030	0	46.3171	12.9113	648.7659	0.3857	0.4309	0.6626	0.4445	0.4337	-28.5151	188.3980	62.8200	3.6429	0	246.6360
2598635122	1.7609	7.7206	645.3860	0.5295	0.4601	0.6513	0.4505	0.5184	-25.4168	165.6361	53.5915	4.3952	0	45.8354	12.7788	648.8341	0.3873	0.4317	0.6628	0.4585	0.3998	-21.3215	197.5173	66.5172	3.5242	0	249.9870
2598638382	1.2711	7.5590	645.5616	0.5311	0.4611	0.6519	0.4527	0.4137	-24.3197	193.7747	64.9998	4.1552	0	45.3442	12.6261	648.8900	0.3889	0.4326	0.6630	0.4572	0.3688	-22.0053	205.8396	69.8914	3.4223	0	253.2470
2598641732	0.7754	7.3950	645.6880	0.5327	0.4620	0.6523	0.4468	0.4752	-27.3218	177.2447	58.2980	4.2930	0	44.8559	12.4693	648.9308	0.3905	0.4334	0.6631	0.4619	0.3723	-19.5949	204.9080	69.5137	3.4280	0	256.5970
2598645076	0.2831	7.2284	645.8523	0.5343	0.4630	0.6528	0.4525	0.4216	-24.4080	191.6610	64.1429	4.1789	0	44.3621	12.3084	648.9816	0.3921	0.4344	0.6633	0.4585	0.4317	-21.3013	188.9306	63.0359	3.6449	0	259.9410
2598648450	-0.9041	7.1591	658.7725	0.5382	0.4642	0.6959	0.4400	0.4517	-30.8482	183.5623	60.8594	4.3671	0	43.8875	12.1032	648.9816	0.3936	0.4355	0.6633	0.4385	0.3816	-31.5736	202.3994	68.4966	3.5553	0	263.3150
2598651707	-0.7072	6.8911	646.0887	0.5375	0.4649	0.6536	0.4451	0.4580	-28.1916	181.8808	60.1777	4.2331	0	43.3752	11.9853	649.0787	0.3953	0.4362	0.6636	0.4490	0.4529	-26.2094	183.2417	60.7294	3.7846	0	266.5720
2598655055	-1.2068	6.7209	646.2212	0.5391	0.4659	0.6541	0.4447	0.5207	-28.4300	165.0262	53.3443	4.4552	0	42.8764	11.8270	649.1336	0.3969	0.4371	0.6638	0.4435	0.5001	-29.0505	170.5530	55.5850	3.9176	0	269.9200
2598658408	-1.7010	6.5524	646.4349	0.5407	0.4669	0.6548	0.4515	0.5103	-24.9450	167.8357	54.4833	4.4070	0	42.3789	11.6712	649.1188	0.3985	0.4380	0.6637	0.4460	0.4853	-27.7285	174.5416	57.2021	3.9035	0	273.2730
2598661775	-2.1993	6.3826	646.5976	0.5423	0.4679	0.6553	0.4446	0.5116	-28.4433	167.4713	54.3356	4.3936	0	41.8906	11.5185	649.2594	0.4001	0.4389	0.6642	0.4433	0.5361	-29.1581	160.9029	51.6725	3.9467	0	276.6400
2598665020	-2.6926	6.2161	646.6402	0.5439	0.4688	0.6555	0.4557	0.4992	-22.7615	170.7975	55.6841	4.3300	0	41.4012	11.3738	649.3302	0.4017	0.4397	0.6644	0.4389	0.5515	-31.4156	156.7533	49.9901	3.9708	0	279.8850
2598668378	-3.1918	6.0526	646.7752	0.5455	0.4698	0.6559	0.4506	0.4150	-25.3913	193.4266	64.8587	4.1935	0	40.9013	11.2234	649.3704	0.4033	0.4406	0.6646	0.4441	0.5092	-28.7378	168.1262	54.6011	3.8705	0	283.2430
2598671740	-3.6901	5.8959	646.8838	0.5472	0.4707	0.6563	0.4462	0.5189	-27.6529	165.5080	53.5396	4.4134	0	40.4047	11.0734	649.4688	0.4049	0.4414	0.6649	0.4387	0.5241	-31.5095	164.1177	52.9759	3.9487	0	286.6050
2598675090	-4.1865	5.7426	647.0705	0.5488	0.4716	0.6569	0.4499	0.5268	-25.7248	163.4021	52.6858	4.4441	0	39.9061	10.9281	649.6418	0.4066	0.4423	0.6655	0.4477	0.5552	-26.8840	155.7639	49.5890	4.0189	0	289.9550
2598678344	-4.6836	5.5958	647.1984	0.5504	0.4724	0.6573	0.4428	0.5191	-29.4003	165.4633	53.5215	4.4359	0	39.4159	10.7927	649.6850	0.4082	0.4431	0.6656	0.4359	0.5427	-32.9125	159.1124	50.9466	3.9816	0	293.2090
2598681718	-5.1793	5.4441	647.3932	0.5520	0.4733	0.6580	0.4433	0.5146	-29.1479	166.6788	54.0143	4.4109	0	38.9127	10.6679	649.6940	0.4098	0.4438	0.6656	0.4435	0.5544	-29.0322	155.9685	49.6719	3.9798	0	296.5830
2598685069	-5.6693	5.2958	647.5501	0.5536	0.4741	0.6585	0.4494	0.5132	-26.0213	167.0390	54.1603	4.4556	0	38.4279	10.5347	649.8748	0.4114	0.4445	0.6662	0.4459	0.4638	-27.8041	180.3129	59.5420	3.7561	0	299.9340
2598688380	0.0000	0.0000	0.0000	-1.0000	-1.0000	0.0000	-1.0000	-1.0000	0.0000	0.0000	0.0000	-1.0000	4	0.0000	0.0000	0.0000	-1.0000	-1.0000	0.0000	-1.0000	-1.0000	0.0000	0.0000	0.0000	-1.0000	4	303.2450
2598691713	0.0000	0.0000	0.0000	-1.0000	-1.0000	0.0000	-1.0000	-1.0000	0.0000	0.0000	0.0000	-1.0000	4	0.0000	0.0000	0.0000	-1.0000	-1.0000	0.0000	-1.0000	-1.0000	0.0000	0.0000	0.0000	-1.0000	4	306.5780
2598695032	-7.1460	4.8196	648.1106	0.5583	0.4769	0.6604	0.4452	0.5078	-28.1647	168.5007	54.7529	4.4415	0	36.9420	10.0751	650.0811	0.4162	0.4472	0.6669	0.4429	0.5044	-29.3502	169.4185	55.1251	3.8338	0	309.8970
2598698393	-7.6351	4.6428	648.2969	0.5599	0.4779	0.6610	0.4483	0.5312	-26.5819	162.2117	52.2032	4.4239	0	36.4581	9.9100	650.1627	0.4178	0.4481	0.6672	0.4454	0.5204	-28.0584	165.1048	53.3761	3.8584	0	313.2580
2598701754	-8.1267	4.4528	648.4551	0.5615	0.4790	0.6615	0.4554	0.5001	-22.9379	170.5705	55.5921	4.3818	0	35.9758	9.7357	650.3227	0.4194	0.4491	0.6677	0.4491	0.4643	-26.1558	180.1779	59.4872	3.7382	0	316.6190
2598705109	-8.6065	4.2602	648.5839	0.5631	0.4801	0.6619	0.4492	0.5425	-26.0857	159.1703	50.9701	4.3992	0	35.4963	9.5492	650.4860	0.4209	0.4502	0.6683	0.4520	0.4394	-24.6447	186.8824	62.2055	3.7048	0	319.9740
2598708355	-9.0857	4.0516	648.7527	0.5646	0.4813	0.6625	0.4445	0.4607	-28.4944	181.1538	59.8829	4.2731	0	35.0114	9.3527	650.5059	0.4225	0.4513	0.6684	0.4419	0.4253	-29.8295	190.6527	63.7341	3.6253	0	323.2200
2598711718	-9.5552	3.8334	648.9626	0.5661	0.4825	0.6632	0.4551	0.4214	-23.0658	191.7134	64.1641	4.1448	0	34.5560	9.1496	650.6788	0.4240	0.4525	0.6689	0.4425	0.4681	-29.5382	179.1703	59.0788	3.7810	0	326.5830
2598715072	-9.9968	3.6037	649.1657	0.5675	0.4839	0.6639	0.4552	0.5037	-23.0392	169.5851	55.1926	4.3156	0	34.0979	8.9110	650.7942	0.4255	0.4538	0.6693	0.4465	0.4674	-27.5035	179.3590	59.1552	3.7382	0	329.9370
2598718435	-10.4216	3.3596	649.1882	0.5689	0.4852	0.6640	0.4669	0.5132	-16.9971	167.0436	54.1622	4.3937	0	33.6616	8.6682	650.9591	0.4269	0.4552	0.6699	0.4711	0.5073	-14.8498	168.6243	54.8030	3.7511	0	333.3000
2598721688	-10.8481	3.1098	649.5846	0.5703	0.4867	0.6653	0.4875	0.5343	-6.4273	161.3857	51.8683	4.3921	0	33.2386	8.4332	651.1052	0.4283	0.4566	0.6704	0.4775	0.5500	-11.5569	157.1586	50.1545	3.8474	0	336.5530
2598725038	-11.2485	2.8563	649.6905	0.5716	0.4881	0.6656	0.4978	0.5308	-1.1060	162.3188	52.2466	4.3966	0	32.8153	8.1647	651.2080	0.4297	0.4581	0.6707	0.4980	0.5801	-1.0446	149.0541	46.8686	3.8685	0	339.9030
2598728398	-11.6540	2.5965	649.9019	0.5729	0.4896	0.6663	0.5082	0.5243	4.2306	164.0696	52.9564	4.4195	0	32.4004	7.9211	651.3081	0.4310	0.4595	0.6710	0.5095	0.5760	4.8820	150.1714	47.3216	3.9143	0	343.2630
2598731757	-12.0681	2.3282	650.1244	0.5742	0.4911	0.6671	0.5270	0.5313	13.8723	162.1689	52.1858	4.3704	0	31.9877	7.6369	651.5221	0.4324	0.4611	0.6717	0.5191	0.5785	9.8019	149.5032	47.0507	3.9131	0	346.6220
2598735010	-12.4811	2.0616	650.4069	0.5755	0.4927	0.6680	0.5158	0.4679	8.1290	179.2229	59.1001	4.2844	0	31.5594	7.3628	651.6196	0.4338	0.4627	0.6721	0.5296	0.5661	15.2275	152.8423	48.4045	3.9041	0	349.8750
2598738354	-12.9032	1.7838	650.6062	0.5769	0.4943	0.6687	0.5290	0.5370	14.8788	160.6516	51.5706	4.4325	0	31.1427	7.0841	651.7725	0.4352	0.4643	0.6726	0.5286	0.5660	14.7039	152.8524	48.4086	3.8308	0	353.2190
2598741723	-13.3328	1.5141	650.8093	0.5783	0.4958	0.6694	0.5234	0.5344	12.0370	161.3360	51.8481	4.3952	0	30.7099	6.7822	651.9713	0.4366	0.4660	0.6732	0.5347	0.5324	17.8098	161.8782	52.0679	3.7499	0	356.5880
2598745084	-13.7708	1.2376	651.0979	0.5797	0.4974	0.6703	0.5284	0.5219	14.5922	164.6957	53.2103	4.3645	0	30.2765	6.4939	652.0237	0.4380	0.4676	0.6734	0.5275	0.5494	14.1155	157.3217	50.2206	3.8149	0	359.9490
2598748329	-14.1966	0.9587	651.2324	0.5811	0.4990	0.6708	0.5326	0.5385	16.7604	160.2439	51.4053	4.4028	0	29.8549	6.2083	652.1830	0.4394	0.4693	0.6739	0.5329	0.5058	16.9021	169.0390	54.9712	3.6965	0	363.1940
2598751710	-14.6445	0.6816	651.5551	0.5825	0.5005	0.6719	0.5350	0.5461	17.9851	158.1984	50.5760	4.4045	0	29.4152	5.8987	652.3184	0.4408	0.4710	0.6744	0.5375	0.5679	19.2621	152.3579	48.2081	3.8273	0	366.5750
2598755048	-15.0722	0.3932	651.6738	0.5839	0.5022	0.6722	0.5264	0.5372	13.5491	160.5953	51.5478	4.4098	0	28.9854	5.5944	652.4703	0.4422	0.4728	0.6749	0.5286	0.5753	14.7146	150.3545	47.3959	3.8865	0	369.9130
2598758403	-15.5087	0.1172	651.8784	0.5853	0.5037	0.6729	0.5280	0.5338	14.3906	161.5147	51.9206	4.3716	0	28.5669	5.3090	652.6581	0.4436	0.4744	0.6755	0.5369	0.5550	18.9778	155.8026	49.6047	3.7955	0	373.2680
2598761661	-15.9411	-0.1645	652.2390	0.5866	0.5053	0.6741	0.5368	0.5435	18.9303	158.8955	50.8587	4.3800	0	28.1436	5.0117	652.7462	0.4450	0.4761	0.6758	0.5332	0.5744	17.0676	150.6034	47.4968	3.7899	0	376.5260
2598765040	-16.3677	-0.4493	652.2658	0.5880	0.5070	0.6742	0.5341	0.5423	17.5435	159.2218	50.9909	4.3731	0	27.7190	4.7041	652.9767	0.4464	0.4778	0.6766	0.5383	0.5489	19.6690	157.4529	50.2738	3.7791	0	379.9050
2598768375	-16.7877	-0.7097	652.5774	0.5894	0.5084	0.6753	0.5417	0.4979	21.4021	171.1429	55.8242	4.3264	0	27.3043	4.4174	653.0973	0.4477	0.4795	0.6770	0.5395	0.5550	20.2813	155.8056	49.6059	3.7702	0	383.2400
2598771734	-17.1978	-0.9903	652.7365	0.5907	0.5100	0.6758	0.5279	0.5395	14.3520	159.9856	51.3006	4.3684	0	26.8896	4.1415	653.1729	0.4491	0.4810	0.6772	0.5355	0.5384	18.2255	160.2739	51.4175	3.7092	0	386.5990
2598775090	-17.6090	-1.2465	652.8840	0.5920	0.5115	0.6763	0.5314	0.5342	16.1508	161.4025	51.8751	4.3345	0	26.4818	3.8506	653.4608	0.4504	0.4827	0.6782	0.5531	0.4754	27.2858	177.1996	58.2798	3.6421	0	389.9550
2598778342	-18.0191	-1.5132	653.1433	0.5933	0.5130	0.6771	0.5332	0.5316	17.0404	162.1094	52.1617	4.3583	0	26.0794	3.5969	653.5388	0.4517	0.4841	0.6785	0.5399	0.5161	20.4969	166.2654	53.8467	3.7518	0	393.2070
2598781704	-18.4072	-1.7564	653.2968	0.5945	0.5144	0.6777	0.5413	0.4796	21.1965	176.0748	57.8237	4.2994	0	25.6770	3.3234	653.7385	0.4530	0.4857	0.6791	0.5318	0.4852	16.3448	174.5800	57.2177	3.5830	0	396.5690
2598785060	-18.8107	-2.0151	653.5655	0.5958	0.5158	0.6786	0.5296	0.5277	15.2203	163.1476	52.5826	4.3481	0	25.2965	3.0863	654.0722	0.4543	0.4870	0.6802	0.5370	0.5285	19.0018	162.9392	52.4981	3.6769	0	399.9250
2598788418	-19.2071	-2.2545	653.7465	0.5971	0.5172	0.6792	0.5280	0.4725	14.3886	177.9804	58.5963	4.2125	0	24.9036	2.8287	654.2162	0.4556	0.4885	0.6807	0.5389	0.5541	19.9941	156.0477	49.7041	3.6935	0	403.2830
2598791666	-19.5839	-2.4893	653.9111	0.5983	0.5185	0.6797	0.5287	0.5248	14.7343	163.9368	52.9026	4.2961	0	24.5128	2.6013	654.2549	0.4568	0.4898	0.6808	0.5401	0.5061	20.6260	168.9449	54.9330	3.6287	0	406.5310
2598795027	-19.9665	-2.7281	654.1146	0.5995	0.5198	0.6804	0.5306	0.5404	15.7250	159.7425	51.2020	4.3262	0	24.1342	2.3833	654.5078	0.4581	0.4910	0.6817	0.5319	0.5936	16.3657	145.4470	45.4062	3.8253	0	409.8920
2598798385	-20.3472	-2.9480	654.4442	0.6007	0.5211	0.6815	0.5316	0.5283	16.2133	162.9890	52.5183	4.2880	0	23.7585	2.1574	654.7034	0.4593	0.4923	0.6823	0.5395	0.5350	20.2802	161.1807	51.7852	3.6484	0	413.2500
2598801739	-20.7098	-3.1617	654.6419	0.6019	0.5223	0.6821	0.5290	0.5331	14.8929	161.6918	51.9924	4.3400	0	23.3938	1.9480	654.9235	0.4605	0.4935	0.6831	0.5344	0.5616	17.6852	154.0296	48.8858	3.7507	0	416.6040
2598805100	-21.0654	-3.3759	654.7754	0.6030	0.5235	0.6826	0.5322	0.5474	16.5658	157.8535	50.4362	4.3577	0	23.0343	1.7592	655.0911	0.4617	0.4945	0.6836	0.5321	0.5210	16.5085	164.9352	53.3074	3.6496	0	419.9650
2598808353	-21.4307	-3.5848	655.1040	0.6041	0.5247	0.6837	0.5343	0.5615	17.6071	154.0531	48.8954	4.3123	0	22.6784	1.5814	655.3062	0.4628	0.4956	0.6844	0.5346	0.5311	17.7555	162.2428	52.2157	3.6311	0	423.2180
2598811709	-21.7829	-3.7786	655.2998	0.6053	0.5258	0.6843	0.5310	0.5197	15.9205	165.3067	53.4580	4.3479	0	22.3263	1.4123	655.5391	0.4640	0.4965	0.6851	0.5287	0.5423	14.7624	159.2157	50.9885	3.7166	0	426.5740
2598815058	-22.1285	-3.9608	655.4787	0.6064	0.5268	0.6849	0.5262	0.5020	13.4652	170.0503	55.3812	4.3230	0	21.9787	1.2546	655.7294	0.4651	0.4974	0.6858	0.5379	0.5503	19.4762	157.0720	50.1194	3.6734	0	429.9230
2598818430	-22.4693	-4.1365	655.7012	0.6074	0.5278	0.6857	0.5240	0.5410	12.3388	159.5633	51.1294	4.3020	0	21.6344	1.1139	655.9097	0.4662	0.4982	0.6864	0.5326	0.4830	16.7382	175.1463	57.4473	3.5676	0	433.2950
2598821686	-22.8057	-4.2995	655.9257	0.6085	0.5287	0.6864	0.5367	0.5111	18.8665	167.6198	54.3958	4.2831	0	21.2976	0.9934	656.0819	0.4673	0.4989	0.6869	0.5353	0.5374	18.1251	160.5451	51.5275	3.6690	0	436.5510
2598825041	-23.1320	-4.4508	656.1699	0.6095	0.5295	0.6872	0.5311	0.4956	15.9603	171.7797	56.0824	4.3232	0	20.9651	0.8700	656.4077	0.4684	0.4996	0.6880	0.5332	0.5965	17.0778	144.6602	45.0872	3.7737	0	439.9060
2598828396	-23.4602	-4.5837	656.3116	0.6106	0.5303	0.6877	0.5332	0.5780	17.0491	149.6222	47.0990	4.3311	0	20.6299	0.7686	656.5443	0.4695	0.5002	0.6885	0.5355	0.5414	18.2644	159.4541	51.0851	3.6462	0	443.2610
2598831743	-23.7886	-4.7103	656.5546	0.6116	0.5310	0.6885	0.5329	0.5428	16.8787	159.1010	50.9420	4.3129	0	20.2988	0.6835	656.7154	0.4706	0.5006	0.6891	0.5323	0.5660	16.5914	152.8658	48.4140	3.7025	0	446.6080
2598835028	-24.1138	-4.8261	656.8030	0.6126	0.5316	0.6893	0.5331	0.5215	16.9819	164.8204	53.2608	4.3195	0	19.9734	0.6221	656.8075	0.4716	0.5010	0.6894	0.5379	0.5118	19.4784	167.4092	54.3104	3.6151	0	449.8930
2598838360	-24.4318	-4.9142	657.0094	0.6136	0.5321	0.6900	0.5307	0.5562	15.7598	155.4816	49.4746	4.2984	0	19.6505	0.5507	657.1109	0.4727	0.5014	0.6904	0.5424	0.5322	21.7804	161.9406	52.0932	3.6625	0	453.2250
2598841720	-24.7431	-5.0045	657.2652	0.6146	0.5326	0.6909	0.5268	0.4978	13.7889	171.1831	55.8405	4.2267	0	19.3340	0.5141	657.3696	0.4737	0.5016	0.6912	0.5347	0.4845	17.8207	174.7447	57.2845	3.5026	0	456.5850
2598845068	-25.0639	-5.0659	657.4247	0.6156	0.5329	0.6914	0.5259	0.5233	13.3112	164.3243	53.0597	4.2513	0	19.0180	0.4910	657.5285	0.4748	0.5017	0.6918	0.5382	0.5042	19.6442	169.4559	55.1402	3.5659	0	459.9330
2598848341	-25.3709	-5.1186	657.6299	0.6166	0.5332	0.6921	0.5287	0.5757	14.7330	150.2432	47.3507	4.3010	0	18.7048	0.4810	657.7603	0.4758	0.5018	0.6925	0.5383	0.5196	19.6911	165.3308	53.4677	3.5786	0	463.2060
2598851683	-25.6817	-5.1532	657.8429	0.6176	0.5334	0.6928	0.5303	0.5503	15.5531	157.0827	50.1237	4.3018	0	18.3815	0.4831	657.7909	0.4768	0.5018	0.6926	0.5374	0.4918	19.2026	172.8023	56.4969	3.5258	0	466.5480
2598855045	-25.9950	-5.1800	658.0637	0.6185	0.5336	0.6935	0.5296	0.5540	15.2172	156.0894	49.7210	4.2672	0	18.0681	0.4957	657.9303	0.4778	0.5017	0.6931	0.5321	0.5299	16.4756	162.5566	52.3430	3.5843	0	469.9100
2598858406	-26.2982	-5.1814	658.1882	0.6195	0.5336	0.6940	0.5243	0.5471	12.5056	157.9346	50.4691	4.2700	0	17.7594	0.5215	658.1809	0.4788	0.5015	0.6939	0.5420	0.5118	21.5785	167.4312	54.3193	3.5269	0	473.2710
2598861660	-26.6092	-5.1692	658.4827	0.6205	0.5335	0.6949	0.5333	0.5670	17.1167	152.6005	48.3064	4.2923	0	17.4482	0.5650	658.4371	0.4798	0.5013	0.6948	0.5320	0.5326	16.4453	161.8239	52.0459	3.6394	0	476.5250
2598865010	-26.9126	-5.1474	658.6238	0.6214	0.5333	0.6954	0.5290	0.5546	14.9021	155.9146	49.6501	4.2582	0	17.1415	0.6317	658.5610	0.4808	0.5009	0.6952	0.5264	0.5287	13.5684	162.8797	52.4740	3.6410	0	479.8750
2598868370	-27.2084	-5.1069	658.6803	0.6224	0.5331	0.6956	0.5235	0.5366	12.0903	160.7475	51.6095	4.2389	0	16.8257	0.6854	658.7537	0.4818	0.5006	0.6958	0.5358	0.5160	18.3756	166.2977	53.8598	3.5929	0	483.2350
2598871729	-27.5154	-5.0691	659.0532	0.6233	0.5329	0.6968	0.5262	0.5433	13.4715	158.9447	50.8786	4.2925	0	16.5276	0.7746	658.9029	0.4828	0.5001	0.6963	0.5346	0.5432	17.7701	158.9889	50.8965	3.6420	0	486.5940
2598875090	-27.8174	-4.9972	659.1939	0.6243	0.5325	0.6973	0.5244	0.4726	12.5561	177.9524	58.5850	4.0757	0	16.2329	0.8526	659.1933	0.4838	0.4997	0.6973	0.5262	0.5648	13.4770	153.1880	48.5447	3.6885	0	489.9550
2598878337	-28.1041	-4.9270	659.2415	0.6252	0.5321	0.6975	0.5238	0.4933	12.2450	172.3951	56.3319	4.1910	0	15.9266	0.9627	659.2419	0.4847	0.4991	0.6975	0.5304	0.5276	15.6047	163.1629	52.5888	3.5941	0	493.2020
2598881697	-28.4003	-4.8433	659.5307	0.6261	0.5316	0.6984	0.5258	0.4332	13.2810	188.5275	62.8725	3.9768	0	15.6353	1.0582	659.4719	0.4857	0.4985	0.6982	0.5311	0.5220	15.9957	164.6906	53.2082	3.5507	0	496.5620
2598885052	-28.7003	-4.7566	659.7130	0.6270	0.5311	0.6990	0.5221	0.4854	11.3676	174.5212	57.1938	4.1562	0	15.3461	1.1774	659.8168	0.4866	0.4979	0.6994	0.5331	0.5130	16.9878	167.0973	54.1839	3.5773	0	499.9170
2598888415	-28.9797	-4.6540	659.9541	0.6279	0.5305	0.6998	0.5292	0.5526	15.0242	156.4498	49.8671	4.2433	0	15.0456	1.3043	659.8136	0.4876	0.4972	0.6994	0.5301	0.5083	15.4425	168.3536	54.6933	3.5491	0	503.2800
2598891681	-29.2586	-4.5580	660.0077	0.6288	0.5300	0.7000	0.5213	0.4524	10.9544	183.3688	60.7809	4.0288	0	14.7659	1.4241	660.0058	0.4885	0.4965	0.7000	0.5352	0.5233	18.0792	164.3253	53.0601	3.6139	0	506.5460
2598895025	-29.5506	-4.4423	660.4472	0.6296	0.5293	0.7015	0.5329	0.4549	16.8902	182.7181	60.5171	3.9497	0	14.4862	1.5502	660.2307	0.4894	0.4958	0.7008	0.5282	0.5145	14.5038	166.6871	54.0176	3.5873	0	509.8900
2598898370	-29.8102	-4.3254	660.4750	0.6305	0.5287	0.7016	0.5324	0.5353	16.6703	161.1139	51.7581	4.2195	0	14.2059	1.6926	660.3773	0.4903	0.4950	0.7013	0.5277	0.5018	14.2574	170.1139	55.4070	3.5578	0	513.2350
2598901727	-30.0825	-4.2182	660.7853	0.6313	0.5280	0.7026	0.5281	0.5201	14.4159	165.1773	53.4055	4.2094	0	13.9425	1.8408	660.5911	0.4911	0.4941	0.7020	0.5277	0.5164	14.2252	166.1744	53.8098	3.6164	0	516.5920
2598904991	-30.3353	-4.0904	660.7262	0.6321	0.5273	0.7024	0.5217	0.5371	11.1656	160.6171	51.5566	4.2054	0	13.6702	1.9851	660.6322	0.4920	0.4933	0.7021	0.5357	0.4847	18.3311	174.6948	57.2642	3.5638	0	519.8560
2598908351	-30.6052	-3.9655	661.1122	0.6329	0.5266	0.7037	0.5261	0.5299	13.4147	162.5552	52.3424	4.1848	0	13.4139	2.1274	660.9096	0.4928	0.4925	0.7030	0.5398	0.5211	20.4748	164.9330	53.3065	3.6030	0	523.2160
2598911696	-30.8537	-3.8532	661.3968	0.6337	0.5260	0.7047	0.5227	0.5632	11.6771	153.6064	48.7143	4.2660	0	13.1594	2.2661	661.0671	0.4936	0.4918	0.7036	0.5331	0.5246	16.9820	163.9852	52.9222	3.6091	0	526.5610
2598915062	-31.1028	-3.7305	661.4398	0.6345	0.5253	0.7048	0.5277	0.4974	14.2121	171.2762	55.8782	4.1407	0	12.9115	2.4133	661.1246	0.4944	0.4909	0.7037	0.5241	0.5716	12.3905	151.3547	47.8014	3.6876	0	529.9270
2598918326	-31.3284	-3.5984	661.5097	0.6352	0.5245	0.7050	0.5291	0.5312	14.9298	162.2092	52.2021	4.2220	0	12.6745	2.5617	661.5495	0.4952	0.4901	0.7052	0.5253	0.5287	13.0040	162.8823	52.4750	3.6548	0	533.1910
2598921671	-31.5644	-3.4865	661.8234	0.6359	0.5239	0.7061	0.5267	0.5462	13.7073	158.1856	50.5708	4.1760	0	12.4366	2.7122	661.5408	0.4959	0.4893	0.7051	0.5275	0.5486	14.1062	157.5434	50.3105	3.6798	0	536.5360
2598925025	-31.7798	-3.3736	662.0110	0.6366	0.5233	0.7067	0.5218	0.5487	11.1810	157.5102	50.2970	4.2010	0	12.2008	2.8576	661.6719	0.4967	0.4885	0.7056	0.5307	0.4830	15.7595	175.1532	57.4501	3.5058	0	539.8900
2598928392	-32.0038	-3.2530	662.2125	0.6372	0.5226	0.7074	0.5273	0.5631	14.0463	153.6396	48.7277	4.1903	0	11.9890	2.9989	661.9074	0.4974	0.4877	0.7064	0.5325	0.4852	16.7167	174.5560	57.2080	3.5559	0	543.2570
2598931659	-32.2062	-3.1384	662.2892	0.6379	0.5219	0.7076	0.5272	0.5594	13.9718	154.6394	49.1331	4.2312	0	11.7807	3.1247	661.9771	0.4980	0.4870	0.7066	0.5250	0.5313	12.8567	162.1880	52.1935	3.6111	0	546.5240
2598935010	-32.4018	-3.0431	662.3212	0.6385	0.5214	0.7077	0.5237	0.5396	12.1906	159.9530	51.2874	4.2157	0	11.5807	3.2568	662.2287	0.4987	0.4862	0.7074	0.5321	0.4997	16.4899	170.6733	55.6338	3.5292	0	549.8750
2598938351	-32.5936	-2.9414	662.5755	0.6391	0.5208	0.7086	0.5237	0.5563	12.1862	155.4624	49.4668	4.2154	0	11.3842	3.3897	662.4700	0.4993	0.4855	0.7082	0.5308	0.5289	15.8053	162.8237	52.4513	3.5733	0	553.2160
2598941714	-32.7833	-2.8502	662.8349	0.6396	0.5203	0.7094	0.5280	0.5577	14.4079	155.0828	49.3128	4.2187	0	11.1966	3.5017	662.5048	0.4999	0.4849	0.7083	0.5351	0.4900	18.0165	173.2762	56.6891	3.5457	0	556.5790
2598945063	-32.9384	-2.7628	662.8185	0.6401	0.5198	0.7094	0.5280	0.5625	14.3773	153.8008	48.7931	4.2267	0	11.0243	3.6095	662.8088	0.5005	0.4843	0.7094	0.5358	0.5372	18.4019	160.5840	51.5432	3.6111	0	559.9280
2598948332	-33.1146	-2.6851	663.2081	0.6407	0.5194	0.7107	0.5177	0.5556	9.0923	155.6389	49.5383	4.2524	0	10.8686	3.7250	662.8987	0.5010	0.4836	0.7097	0.5299	0.4937	15.3403	172.2922	56.2901	3.5238	0	563.1970
2598951682	-33.2533	-2.6054	663.1561	0.6411	0.5189	0.7105	0.5245	0.5550	12.6016	155.8233	49.6131	4.2320	0	10.7110	3.8082	663.0119	0.5015	0.4832	0.7100	0.5304	0.5455	15.6269	158.3744	50.6474	3.5997	0	566.5470
2598955039	-33.3988	-2.5497	663.2655	0.6415	0.5186	0.7109	0.5233	0.5165	11.9734	166.1501	53.7999	4.1412	0	10.5687	3.9051	662.9771	0.5019	0.4826	0.7099	0.5334	0.4941	17.1845	172.1672	56.2394	3.5207	0	569.9040
2598958384	-33.5134	-2.4988	663.5435	0.6419	0.5183	0.7118	0.5162	0.5427	8.3368	159.1258	50.9520	4.1935	0	10.4509	3.9697	663.0607	0.5023	0.4823	0.7102	0.5247	0.5397	12.6968	159.9307	51.2783	3.6230	0	573.2490
2598961671	-33.6221	-2.4501	663.5147	0.6422	0.5181	0.7117	0.5240	0.5403	12.3557	159.7594	51.2089	4.1410	0	10.3376	4.0407	663.3265	0.5027	0.4819	0.7111	0.5296	0.5420	15.1944	159.3104	51.0269	3.6100	0	576.5360
2598965006	-33.7296	-2.4229	663.7706	0.6425	0.5179	0.7126	0.5227	0.5420	11.6684	159.3001	51.0227	4.1646	0	10.2338	4.0896	663.2809	0.5030	0.4816	0.7109	0.5233	0.5567	11.9876	155.3505	49.4214	3.6291	0	579.8710
2598968364	-33.7904	-2.4003	663.5894	0.6428	0.5178	0.7120	0.5294	0.5474	15.1300	157.8539	50.4364	4.2216	0	10.1598	4.1232	663.4802	0.5032	0.4814	0.7116	0.5371	0.5235	19.0439	164.2666	53.0363	3.5438	0	583.2290
2598971724	-33.8809	-2.3944	664.0491	0.6430	0.5177	0.7135	0.5249	0.5480	12.7798	157.6811	50.3663	4.2060	0	10.0898	4.1492	663.4569	0.5035	0.4813	0.7115	0.5349	0.4990	17.9476	170.8544	55.7072	3.5474	0	586.5890
2598974991	-33.9164	-2.4017	664.0614	0.6431	0.5178	0.7135	0.5149	0.4689	7.6753	178.9480	58.9886	4.0229	0	10.0316	4.1617	663.6213	0.5037	0.4812	0.7121	0.5315	0.5415	16.1809	159.4356	51.0776	3.6420	0	589.8560
2598978326	-33.9388	-2.4212	663.9546	0.6432	0.5179	0.7132	0.5214	0.4979	10.9914	171.1624	55.8321	4.0498	0	10.0049	4.1591	663.6454	0.5037	0.4812	0.7122	0.5274	0.5381	14.0849	160.3575	51.4514	3.5982	0	593.1910
2598981690	-33.9521	-2.4503	664.0100	0.6432	0.5180	0.7134	0.5220	0.4384	11.2873	187.1512	62.3145	3.9444	0	9.9915	4.1405	663.6625	0.5038	0.4813	0.7122	0.5357	0.5516	18.3296	156.7244	49.9784	3.6087	0	596.5550
2598985046	-33.9421	-2.4444	664.0100	0.6432	0.5180	0.7134	0.5233	0.5404	11.9654	159.7479	51.2043	4.1449	0	9.9918	4.1131	663.6848	0.5038	0.4815	0.7123	0.5398	0.5180	20.4249	165.7545	53.6395	3.5835	0	599.9110
2598988314	-33.9309	-2.5595	664.1499	0.6431	0.5187	0.7138	0.5231	0.5418	11.8635	159.3498	51.0429	4.1409	0	10.0059	4.0716	663.7213	0.5037	0.4817	0.7124	0.5352	0.5369	18.0849	160.6797	51.5820	3.6210	0	603.1790
2598991657	-33.9020	-2.6251	664.1960	0.6430	0.5190	0.7140	0.5232	0.4495	11.9131	184.1672	61.1047	3.9508	0	10.0372	3.9975	663.7935	0.5037	0.4821	0.7126	0.5302	0.5334	15.5124	161.6162	51.9617	3.6127	0	606.5220
2598995017	-33.8401	-2.7151	664.0270	0.6429	0.5195	0.7134	0.5224	0.5407	11.5300	159.6632	51.1699	4.1261	0	10.0969	3.9248	663.8206	0.5035	0.4826	0.7127	0.5337	0.5167	17.3109	166.1100	53.7837	3.5201	0	609.8820
2598998376	-33.7673	-2.8055	664.0841	0.6426	0.5200	0.7136	0.5193	0.4756	9.9230	177.1474	58.2586	4.0409	0	10.1641	3.8221	663.7269	0.5033	0.4831	0.7124	0.5299	0.5341	15.3799	161.4200	51.8822	3.5938	0	613.2410
2599001648	-33.6910	-2.9175	664.1380	0.6424	0.5207	0.7138	0.5281	0.4683	14.4280	179.0980	59.0494	4.0181	0	10.2409	3.7209	663.7181	0.5030	0.4837	0.7124	0.5355	0.5112	18.2399	167.5934	54.3851	3.5549	0	616.5130
2599004992	-33.5779	-3.0505	664.1169	0.6420	0.5214	0.7137	0.5258	0.4329	13.2489	188.6300	62.9140	3.8951	0	10.3486	3.5897	663.6983	0.5027	0.4844	0.7123	0.5308	0.5320	15.8283	161.9968	52.1160	3.5886	0	619.8570
2599008344	-33.4631	-3.1774	663.9602	0.6417	0.5221	0.7132	0.5188	0.4913	9.6431	172.9308	56.5490	4.0677	0	10.4686	3.4459	663.6964	0.5023	0.4852	0.7123	0.5248	0.5495	12.7362	157.2824	50.2047	3.6301	0	623.2090
2599011697	-33.3251	-3.3167	663.9612	0.6413	0.5229	0.7132	0.5218	0.4492	11.1761	184.2277	61.1292	3.9759	0	10.5944	3.2880	663.7155	0.5019	0.4861	0.7124	0.5273	0.4938	14.0419	172.2571	56.2759	3.5045	0	626.5620
2599015061	-33.1871	-3.4700	664.0607	0.6408	0.5237	0.7135	0.5221	0.5211	11.3425	164.9276	53.3043	4.0693	0	10.7371	3.1174	663.6598	0.5014	0.4871	0.7122	0.5309	0.4977	15.8990	171.1956	55.8455	3.4575	0	629.9260
2599018318	-33.0194	-3.6346	663.9492	0.6403	0.5247	0.7132	0.5196	0.4370	10.0799	187.5143	62.4617	3.9113	0	10.9026	2.9342	663.6268	0.5009	0.4881	0.7121	0.5298	0.5395	15.3286	159.9661	51.2927	3.5989	0	633.1830
2599021668	-32.8417	-3.8005	663.9674	0.6397	0.5256	0.7132	0.5176	0.4470	9.0639	184.8384	61.3768	3.9295	0	11.0806	2.7428	663.6104	0.5004	0.4892	0.7120	0.5341	0.5317	17.5092	162.0832	52.1511	3.5584	0	636.5330
2599025024	-32.6541	-3.9733	663.9186	0.6391	0.5266	0.7131	0.5270	0.5223	13.8537	164.5860	53.1658	4.0873	0	11.2715	2.5433	663.4769	0.4998	0.4903	0.7116	0.5315	0.5346	16.2035	161.2797	51.8253	3.5717	0	639.8890
2599028385	-32.4280	-4.1476	663.6376	0.6385	0.5275	0.7121	0.5169	0.4076	8.6859	195.4158	65.6652	3.8266	0	11.4850	2.3320	663.3875	0.4991	0.4914	0.7113	0.5318	0.5376	16.3172	160.4786	51.5005	3.5894	0	643.2500
2599031719	-32.1853	-4.3496	663.5845	0.6377	0.5287	0.7119	0.5293	0.4391	15.0665	186.9516	62.2336	3.8836	0	11.7272	2.0827	663.4020	0.4983	0.4928	0.7113	0.5302	0.5498	15.5071	157.2075	50.1743	3.5884	0	646.5840
2599034995	-31.9134	-4.5715	663.5155	0.6369	0.5299	0.7117	0.5361	0.5247	18.5347	163.9642	52.9137	4.0532	0	11.9721	1.8375	663.3350	0.4975	0.4942	0.7111	0.5406	0.5623	20.8738	153.8633	48.8184	3.5612	0	649.8600
2599038352	-31.6279	-4.7909	663.3100	0.6360	0.5311	0.7110	0.5508	0.5466	26.1085	158.0625	50.5209	4.0410	0	12.2592	1.5565	663.2843	0.4966	0.4958	0.7109	0.5555	0.6310	28.5393	135.3954	41.3309	3.6339	0	653.2170
2599041710	-31.3185	-5.0006	663.1933	0.6350	0.5323	0.7106	0.5724	0.6075	37.2010	141.7013	43.8875	4.0705	0	12.5307	1.3011	663.1360	0.4958	0.4972	0.7105	0.5649	0.6908	33.3297	119.3351	34.8195	3.6636	0	656.5750
2599044976	-31.0229	-5.2280	663.2084	0.6341	0.5336	0.7107	0.5798	0.5185	40.9775	165.6232	53.5863	3.7697	0	12.8243	1.0186	663.2718	0.4949	0.4988	0.7109	0.5787	0.6930	40.4445	118.7443	34.5800	3.6317	0	659.8410
2599048320	-30.7081	-5.4481	663.0961	0.6331	0.5348	0.7103	0.5790	0.6269	40.5918	136.4991	41.7784	4.0588	0	13.1273	0.7645	663.1494	0.4939	0.5002	0.7105	0.5768	0.7194	39.4353	111.6343	31.6974	3.6194	0	663.1850
2599051677	-30.4041	-5.6550	663.0202	0.6321	0.5360	0.7101	0.5840	0.6390	43.1756	133.2353	40.4551	4.0901	0	13.4315	0.4909	662.9120	0.4929	0.5017	0.7097	0.5845	0.7182	43.4161	111.9715	31.8341	3.5762	0	666.5420
2599055037	-30.0776	-5.8511	662.9973	0.6311	0.5371	0.7100	0.5764	0.4968	39.2294	171.4461	55.9471	3.5229	0	13.7420	0.2367	662.9572	0.4919	0.5031	0.7099	0.5846	0.7310	43.4497	108.5219	30.4355	3.6209	0	669.9020
2599058395	-29.7447	-6.0460	662.9415	0.6301	0.5382	0.7098	0.5889	0.7103	45.6570	114.0896	32.6929	4.1370	0	14.0769	-0.0302	662.9762	0.4909	0.5046	0.7099	0.5831	0.7450	42.6785	104.7633	28.9116	3.6104	0	673.2600
2599061729	-29.4119	-6.2220	662.8408	0.6290	0.5392	0.7095	0.5878	0.7033	45.1141	115.9576	33.4502	4.1063	0	14.4116	-0.2543	663.0340	0.4898	0.5059	0.7101	0.5883	0.7487	45.3804	103.7607	28.5052	3.5935	0	676.5940
2599065075	-29.0804	-6.3990	662.8292	0.6280	0.5402	0.7094	0.5833	0.6933	42.7907	118.6377	34.5368	4.1731	0	14.7652	-0.5061	662.9271	0.4887	0.5073	0.7098	0.6035	0.7334	53.1649	107.8732	30.1725	3.5734	0	679.9400
2599068362	-28.7373	-6.5649	662.7605	0.6269	0.5411	0.7092	0.5927	0.7170	47.6513	112.2819	31.9600	4.1131	0	15.1195	-0.7341	662.9787	0.4876	0.5086	0.7099	0.5918	0.7588	47.1705	101.0565	27.4088	3.6262	0	683.2270
2599071718	-28.3863	-6.7215	662.6958	0.6258	0.5420	0.7090	0.5870	0.7203	44.6971	111.3954	31.6005	4.1225	0	15.4842	-0.9440	662.8627	0.4864	0.5097	0.7095	0.5974	0.7630	50.0454	99.9189	26.9476	3.6332	0	686.5830
2599074987	-28.0315	-6.8776	662.7036	0.6247	0.5429	0.7090	0.5843	0.7146	43.3298	112.9223	32.2196	4.1556	0	15.8626	-1.1605	662.8157	0.4852	0.5110	0.7094	0.5876	0.7613	45.0226	100.3868	27.1373	3.6352	0	689.8520
2599078326	-27.6656	-7.0323	662.7510	0.6235	0.5437	0.7092	0.5900	0.7051	46.2187	115.4930	33.2618	4.1478	0	16.2524	-1.3821	662.8100	0.4840	0.5122	0.7094	0.5932	0.7490	47.9096	103.6762	28.4709	3.5923	0	693.1910
2599081684	-27.3032	-7.1728	662.8108	0.6223	0.5445	0.7094	0.5879	0.7023	45.1727	116.2279	33.5598	4.1473	0	16.6512	-1.5850	663.0501	0.4828	0.5133	0.7102	0.5888	0.7555	45.6233	101.9484	27.7704	3.5724	0	696.5490
2599085044	-26.9223	-7.3045	662.7108	0.6211	0.5452	0.7090	0.5924	0.7092	47.4942	114.3842	32.8123	4.1221	0	17.0417	-1.7771	662.9103	0.4815	0.5144	0.7097	0.5895	0.7585	45.9629	101.1386	27.4421	3.5490	0	699.9090
2599088306	-26.5315	-7.4302	662.6655	0.6199	0.5459	0.7089	0.5928	0.7213	47.7045	111.1178	31.4880	4.1081	0	17.4393	-1.9585	662.7050	0.4802	0.5154	0.7090	0.5994	0.7714	51.0664	97.6582	26.0310	3.6003	0	703.1710
2599091654	-26.1234	-7.5486	662.4763	0.6186	0.5466	0.7083	0.5960	0.7079	49.3234	114.7343	32.9542	4.1256	0	17.8728	-2.1360	663.0090	0.4789	0.5164	0.7100	0.6050	0.7525	53.9720	102.7514	28.0960	3.5807	0	706.5190
2599095011	-25.7235	-7.6597	662.6998	0.6174	0.5472	0.7090	0.5872	0.7027	44.8215	116.1374	33.5231	4.1551	0	18.2751	-2.3021	662.8972	0.4776	0.5173	0.7097	0.6012	0.7628	51.9776	99.9693	26.9680	3.5750	0	709.8760
2599098369	-25.3159	-7.7440	662.5777	0.6161	0.5477	0.7086	0.5954	0.7065	49.0219	115.0923	33.0994	4.1116	0	18.7120	-2.4574	662.9075	0.4762	0.5182	0.7097	0.5949	0.7556	48.7830	101.9213	27.7594	3.5571	0	713.2340
2599101630	-24.8964	-7.8360	662.6934	0.6147	0.5482	0.7090	0.5938	0.7026	48.1809	116.1559	33.5306	4.1162	0	19.1338	-2.6017	662.9546	0.4749	0.5190	0.7098	0.5924	0.7629	47.4837	99.9589	26.9638	3.6038	0	716.4950
2599104992	-24.4840	-7.9002	662.6807	0.6134	0.5486	0.7089	0.5871	0.7152	44.7286	112.7725	32.1589	4.1373	0	19.5648	-2.7196	662.9337	0.4735	0.5197	0.7098	0.5944	0.7632	48.5225	99.8636	26.9252	3.5986	0	719.8570
2599108337	-24.0565	-7.9606	662.6877	0.6121	0.5489	0.7090	0.5828	0.7126	42.5621	113.4522	32.4344	4.1377	0	20.0021	-2.8201	663.0037	0.4721	0.5202	0.7100	0.6051	0.7541	53.9863	102.3146	27.9189	3.5624	0	723.2020
2599111691	-23.6298	-8.0073	662.7382	0.6107	0.5492	0.7091	0.5897	0.7012	46.0714	116.5323	33.6832	4.1246	0	20.4383	-2.9304	662.9859	0.4708	0.5209	0.7100	0.6009	0.7658	51.8279	99.1704	26.6441	3.5337	0	726.5560
2599114963	-23.2021	-8.0341	662.5197	0.6094	0.5493	0.7084	0.5962	0.6906	49.4106	119.3745	34.8355	4.1170	0	20.8779	-2.9932	663.0285	0.4694	0.5212	0.7101	0.6078	0.7632	55.3691	99.8563	26.9222	3.5848	0	729.8280
2599118304	-22.7682	-8.0516	662.7755	0.6080	0.5494	0.7093	0.5914	0.6934	46.9671	118.6201	34.5297	4.1088	0	21.3195	-3.0691	663.0777	0.4680	0.5216	0.7103	0.5972	0.7679	49.9327	98.5960	26.4112	3.5918	0	733.1690
2599121662	-22.3429	-8.0539	662.7775	0.6066	0.5494	0.7093	0.5968	0.7078	49.7402	114.7484	32.9600	4.0961	0	21.7573	-3.1214	663.1982	0.4666	0.5219	0.7107	0.6102	0.7540	56.6043	102.3373	27.9281	3.5397	0	736.5270
2599125023	-21.8993	-8.0493	662.8443	0.6052	0.5494	0.7095	0.5867	0.7228	44.5580	110.7342	31.3324	4.1185	0	22.2140	-3.1507	663.1466	0.4651	0.5221	0.7105	0.6013	0.7572	52.0450	101.4687	27.5759	3.5582	0	739.8880
2599128383	-21.4709	-8.0353	662.8331	0.6039	0.5493	0.7094	0.5909	0.7003	46.6962	116.7617	33.7762	4.0851	0	22.6484	-3.1722	663.1520	0.4638	0.5222	0.7105	0.5924	0.7703	47.4781	97.9682	26.1567	3.6102	0	743.2480
2599131626	-21.0263	-8.0078	662.9279	0.6024	0.5492	0.7098	0.5837	0.7074	43.0172	114.8624	33.0062	4.1359	0	23.1063	-3.1924	663.3621	0.4623	0.5223	0.7112	0.5910	0.7777	46.7519	95.9751	25.3486	3.6179	0	746.4910
2599134987	-20.5853	-7.9703	662.9343	0.6010	0.5490	0.7098	0.5889	0.7130	45.6770	113.3464	32.3915	4.1150	0	23.5464	-3.2014	663.2585	0.4609	0.5224	0.7109	0.5863	0.7663	44.3528	99.0382	26.5905	3.5734	0	749.8520
2599138346	-20.1486	-7.9315	663.0301	0.5996	0.5487	0.7101	0.5928	0.7086	47.6614	114.5285	32.8708	4.1376	0	23.9977	-3.2031	663.4654	0.4595	0.5224	0.7116	0.5997	0.7628	51.2133	99.9670	26.9671	3.5645	0	753.2110
2599141698	-19.7064	-7.8781	663.0958	0.5982	0.5484	0.7103	0.5911	0.7150	46.7965	112.8248	32.1800	4.1047	0	24.4471	-3.1914	663.4520	0.4581	0.5223	0.7115	0.6000	0.7767	51.3971	96.2467	25.4587	3.6136	0	756.5630
2599144962	-19.2667	-7.8297	663.1217	0.5968	0.5482	0.7104	0.5950	0.7186	48.7896	111.8585	31.7883	4.1029	0	24.8966	-3.1695	663.5177	0.4567	0.5222	0.7117	0.6117	0.7547	57.4150	102.1468	27.8508	3.5641	0	759.8270
2599148313	-18.8175	-7.7738	663.3521	0.5954	0.5478	0.7112	0.5885	0.7096	45.4818	114.2717	32.7667	4.1050	0	25.3615	-3.1502	663.7485	0.4552	0.5221	0.7125	0.5887	0.7669	45.5643	98.8788	26.5259	3.5588	0	763.1780
2599151669	-18.3768	-7.7101	663.4476	0.5940	0.5475	0.7115	0.5948	0.7178	48.7108	112.0614	31.8705	4.1573	0	25.7972	-3.1266	663.6903	0.4538	0.5219	0.7123	0.6043	0.7657	53.5725	99.1977	26.6552	3.5948	0	766.5340
2599155027	-17.9294	-7.6463	663.5151	0.5926	0.5471	0.7117	0.5942	0.7330	48.3781	107.9921	30.2207	4.0964	0	26.2645	-3.1036	663.8451	0.4524	0.5218	0.7128	0.6008	0.7538	51.7771	102.3845	27.9472	3.6088	0	769.8920
2599158286	-17.4824	-7.5835	663.6811	0.5911	0.5468	0.7123	0.5856	0.7351	43.9690	107.4082	29.9840	4.1321	0	26.7212	-3.0766	664.0923	0.4509	0.5217	0.7136	0.6030	0.7480	52.9346	103.9658	28.5883	3.5592	0	773.1510
2599161626	-17.0252	-7.5124	663.6592	0.5897	0.5464	0.7122	0.5945	0.7219	48.5331	110.9787	31.4316	4.1334	0	27.1735	-3.0335	664.0944	0.4495	0.5214	0.7136	0.6123	0.7531	57.7105	102.5727	28.0235	3.5421	0	776.4910
2599164994	-16.5699	-7.4465	663.7387	0.5882	0.5460	0.7125	0.5788	0.7278	40.5055	109.3899	30.7874	4.1516	0	27.6364	-2.9831	664.2444	0.4481	0.5211	0.7141	0.5980	0.7693	50.3284	98.2349	26.2648	3.5997	0	779.8590
2599168357	-16.1213	-7.3756	663.8262	0.5868	0.5456	0.7128	0.5954	0.7175	49.0108	112.1398	31.9023	4.1319	0	28.0903	-2.9427	664.2469	0.4466	0.5209	0.7142	0.5943	0.7669	48.4390	98.8727	26.5234	3.5616	0	783.2220
2599171610	-15.6719	-7.3068	663.8851	0.5854	0.5452	0.7130	0.5864	0.7334	44.3943	107.8659	30.1696	4.1166	0	28.5430	-2.9047	664.4459	0.4452	0.5207	0.7148	0.6064	0.7673	54.6935	98.7584	26.4771	3.6065	0	786.4750
2599174977	-15.2135	-7.2362	664.1079	0.5839	0.5448	0.7137	0.5874	0.7243	44.8858	110.3183	31.1638	4.1735	0	29.0102	-2.8472	664.5286	0.4437	0.5204	0.7151	0.5985	0.7615	50.6010	100.3178	27.1093	3.5785	0	789.8420
2599178321	-14.7557	-7.1629	664.0597	0.5825	0.5444	0.7135	0.5942	0.7304	48.4233	108.6873	30.5026	4.0881	0	29.4641	-2.7810	664.6038	0.4423	0.5200	0.7153	0.5985	0.7716	50.6137	97.6126	26.0125	3.5714	0	793.1860
2599181678	-14.2974	-7.0906	664.0216	0.5810	0.5440	0.7134	0.5892	0.7318	45.8221	108.3142	30.3513	4.1214	0	29.9269	-2.7307	664.7700	0.4409	0.5197	0.7159	0.6088	0.7581	55.9022	101.2516	27.4879	3.5991	0	796.5430
2599184949	-13.8439	-7.0166	664.1810	0.5796	0.5436	0.7139	0.5838	0.7309	43.0685	108.5463	30.4454	4.1343	0	30.3840	-2.6602	664.8837	0.4394	0.5193	0.7163	0.6088	0.7540	55.9232	102.3533	27.9346	3.5488	0	799.8140
2599188302	-13.3904	-6.9444	664.2964	0.5781	0.5432	0.7143	0.5903	0.7233	46.4043	110.5994	31.2778	4.1184	0	30.8327	-2.5809	664.9088	0.4380	0.5189	0.7164	0.6048	0.7637	53.8635	99.7225	26.8679	3.5868	0	803.1670
2599191648	-12.9425	-6.8637	664.2980	0.5767	0.5427	0.7143	0.5952	0.7289	48.8882	109.0912	30.6663	4.0768	0	31.2987	-2.5137	665.0886	0.4366	0.5185	0.7170	0.5930	0.7556	47.8071	101.9221	27.7597	3.5851	0	806.5130
2599195003	-12.4886	-6.7784	664.3224	0.5753	0.5422	0.7144	0.5880	0.7147	45.2016	112.8895	32.2063	4.0951	0	31.7344	-2.4107	665.0279	0.4352	0.5179	0.7168	0.6003	0.7645	51.5529	99.5158	26.7841	3.5972	0	809.8680
2599198363	-12.0565	-6.6934	664.3174	0.5739	0.5418	0.7144	0.5874	0.7272	44.9118	109.5507	30.8526	4.0938	0	32.1830	-2.3316	665.1873	0.4338	0.5175	0.7173	0.6028	0.7510	52.8307	103.1516	28.2582	3.5847	0	813.2280
2599201614	-11.6111	-6.6024	664.3177	0.5725	0.5413	0.7144	0.5894	0.7287	45.9590	109.1418	30.6868	4.1140	0	32.6073	-2.2171	665.1941	0.4324	0.5169	0.7173	0.5971	0.7621	49.8965	100.1589	27.0449	3.5999	0	816.4790
2599204973	-11.1931	-6.5122	664.3018	0.5712	0.5407	0.7143	0.5863	0.7324	44.3438	108.1549	30.2867	4.1214	0	33.0430	-2.1095	665.3458	0.4311	0.5163	0.7178	0.6043	0.7568	53.5764	101.5973	27.6280	3.5933	0	819.8380
2599208329	-10.7713	-6.4165	664.3013	0.5698	0.5402	0.7143	0.5892	0.7426	45.8447	105.4099	29.1738	4.1068	0	33.4404	-1.9950	665.1702	0.4298	0.5156	0.7172	0.5974	0.7409	50.0587	105.8543	29.3540	3.5815	0	823.1940
2599211678	-10.3605	-6.3169	664.2190	0.5685	0.5397	0.7141	0.5865	0.7262	44.4329	109.8060	30.9561	4.0999	0	33.8516	-1.8590	665.4081	0.4285	0.5149	0.7180	0.6071	0.7522	55.0418	102.8110	28.1201	3.5576	0	826.5430
2599214963	-9.9729	-6.2074	664.1408	0.5673	0.5391	0.7138	0.5856	0.7158	43.9830	112.6051	32.0910	4.1407	0	34.2479	-1.7171	665.4942	0.4273	0.5141	0.7183	0.6046	0.7544	53.7538	102.2367	27.8873	3.6143	0	829.8280
2599218292	-9.6047	-6.1054	664.3018	0.5661	0.5385	0.7143	0.5930	0.7262	47.7583	109.8045	30.9555	4.1243	0	34.6151	-1.5808	665.4443	0.4261	0.5133	0.7181	0.5890	0.7633	45.7293	99.8290	26.9111	3.6208	0	833.1570
2599221655	-9.2353	-5.9873	663.9599	0.5650	0.5378	0.7132	0.5823	0.7247	42.2750	110.2163	31.1225	4.1149	0	34.9691	-1.4385	665.4764	0.4250	0.5125	0.7183	0.5899	0.7611	46.1933	100.4366	27.1574	3.6155	0	836.5200
2599225017	-8.8963	-5.8800	664.0542	0.5639	0.5372	0.7135	0.5971	0.7337	49.8743	107.7906	30.1390	4.1180	0	35.3117	-1.2790	665.6165	0.4239	0.5116	0.7187	0.5951	0.7576	48.8511	101.3785	27.5393	3.6255	0	839.8820
2599228290	-8.5709	-5.7731	664.1185	0.5628	0.5366	0.7137	0.5952	0.7240	48.9309	110.4029	31.1981	4.0970	0	35.6404	-1.1133	665.7210	0.4229	0.5107	0.7191	0.6054	0.7459	54.1708	104.5049	28.8069	3.5699	0	843.1550
2599231620	-8.2533	-5.6486	664.0587	0.5618	0.5359	0.7135	0.5936	0.7262	48.0853	109.8223	30.9627	4.0902	0	35.9164	-0.9454	665.3782	0.4219	0.5098	0.7179	0.5999	0.7582	51.3043	101.2044	27.4688	3.5717	0	846.4850
2599234982	-7.9661	-5.5382	663.9633	0.5609	0.5353	0.7132	0.5898	0.7192	46.1410	111.6980	31.7232	4.1066	0	36.2041	-0.7739	665.6343	0.4211	0.5088	0.7188	0.6034	0.7611	53.1240	100.4311	27.1552	3.6034	0	849.8470
2599238341	-7.7093	-5.4285	664.0178	0.5601	0.5347	0.7134	0.5917	0.7182	47.1355	111.9509	31.8257	4.1139	0	36.4647	-0.6013	665.5423	0.4202	0.5079	0.7185	0.5989	0.7505	50.7895	103.2715	28.3068	3.5543	0	853.2060
2599241611	-7.4632	-5.3099	663.9020	0.5593	0.5341	0.7130	0.5926	0.7263	47.5602	109.7931	30.9509	4.1157	0	36.7102	-0.4256	665.8048	0.4195	0.5069	0.7193	0.6024	0.7551	52.6139	102.0511	27.8120	3.6060	0	856.4760
2599244959	-7.2335	-5.2017	663.8918	0.5586	0.5335	0.7130	0.5901	0.7173	46.2704	112.2051	31.9288	4.1085	0	36.9089	-0.2503	665.6727	0.4188	0.5059	0.7189	0.5940	0.7653	48.2746	99.3101	26.7007	3.6242	0	859.8240
2599248309	-7.0359	-5.0867	664.0065	0.5580	0.5328	0.7134	0.5939	0.7181	48.2303	111.9867	31.8403	4.1194	0	37.0958	-0.0754	665.5956	0.4182	0.5049	0.7187	0.6061	0.7639	54.5001	99.6746	26.8485	3.6085	0	863.1740
2599251661	-6.8616	-4.9788	663.9880	0.5574	0.5322	0.7133	0.5876	0.7189	45.0334	111.7691	31.7520	4.1061	0	37.2652	0.0989	665.7171	0.4177	0.5040	0.7191	0.6008	0.7720	51.7878	97.5028	25.9680	3.6432	0	866.5260
2599254937	-6.7080	-4.8793	663.9167	0.5569	0.5317	0.7131	0.5882	0.7088	45.3246	114.4835	32.8526	4.0992	0	37.4206	0.2725	665.8719	0.4172	0.5030	0.7196	0.6072	0.7478	55.0650	103.9936	28.5996	3.5921	0	869.8020
2599258284	-6.5815	-4.7760	664.0272	0.5565	0.5311	0.7134	0.5913	0.7078	46.9348	114.7437	32.9580	4.1217	0	37.5515	0.4412	665.8647	0.4168	0.5021	0.7195	0.6016	0.7710	52.1787	97.7669	26.0751	3.6406	0	873.1490
2599261635	-6.4809	-4.6804	664.0805	0.5562	0.5305	0.7136	0.5873	0.7116	44.8603	113.7263	32.5455	4.1233	0	37.6318	0.6051	665.7525	0.4165	0.5012	0.7192	0.5938	0.7636	48.1976	99.7556	26.8814	3.6560	0	876.5000
2599264989	-6.3831	-4.5830	664.1915	0.5559	0.5300	0.7140	0.5864	0.7240	44.3804	110.4114	31.2016	4.1186	0	37.7271	0.7685	665.9340	0.4163	0.5002	0.7198	0.5927	0.7658	47.6393	99.1592	26.6396	3.6183	0	879.8540
2599268353	-6.3276	-4.4962	664.1377	0.5557	0.5295	0.7138	0.5900	0.7260	46.2274	109.8525	30.9750	4.1300	0	37.7747	0.9224	665.9608	0.4161	0.4994	0.7199	0.6117	0.7332	57.4001	107.9167	30.1901	3.5122	0	883.2180
2599271596	-6.2888	-4.4005	664.0817	0.5556	0.5290	0.7136	0.5880	0.7218	45.2148	110.9886	31.4356	4.1561	0	37.8027	1.0642	665.8695	0.4160	0.4986	0.7196	0.5947	0.7675	48.6426	98.7087	26.4569	3.5981	0	886.4610
2599274959	-6.2578	-4.3218	664.2615	0.5555	0.5285	0.7142	0.5888	0.7254	45.6240	110.0250	31.0449	4.1640	0	37.8213	1.2080	665.9513	0.4160	0.4978	0.7198	0.5936	0.7514	48.1119	103.0460	28.2154	3.6231	0	889.8240
2599278316	-6.2506	-4.2305	664.3700	0.5555	0.5280	0.7146	0.5820	0.7278	42.1329	109.3793	30.7831	4.1669	0	37.8194	1.3565	666.0462	0.4160	0.4970	0.7202	0.6009	0.7479	51.8671	103.9920	28.5989	3.6133	0	893.1810
2599281670	-6.2745	-4.1509	664.4831	0.5555	0.5276	0.7149	0.5864	0.7315	44.3789	108.3862	30.3805	4.1628	0	37.7943	1.5032	666.1438	0.4161	0.4962	0.7205	0.5918	0.7497	47.1519	103.4980	28.3987	3.6201	0	896.5350
2599284924	-6.3123	-4.0531	664.4030	0.5556	0.5270	0.7147	0.5898	0.7030	46.1251	116.0535	33.4891	4.1290	0	37.7669	1.6528	666.2080	0.4162	0.4953	0.7207	0.5969	0.7519	49.7726	102.9041	28.1579	3.6054	0	899.7890
2599288284	-6.3526	-3.9680	664.5186	0.5558	0.5266	0.7151	0.5882	0.6975	45.3357	117.5303	34.0878	4.1538	0	37.7215	1.7861	666.3336	0.4163	0.4946	0.7211	0.5864	0.7586	44.3786	101.1173	27.4334	3.6392	0	903.1490
2599291642	-6.4170	-3.8684	664.7861	0.5560	0.5260	0.7160	0.5818	0.7111	42.0104	113.8795	32.6076	4.1385	0	37.6363	1.9263	666.2616	0.4166	0.4938	0.7209	0.5865	0.7572	44.4384	101.4734	27.5778	3.6876	0	906.5070
2599295004	-6.5055	-3.7681	664.6612	0.5563	0.5254	0.7155	0.5883	0.6833	45.3527	121.3285	35.6277	4.1361	0	37.5677	2.0687	666.3772	0.4168	0.4930	0.7213	0.5944	0.7500	48.5125	103.4055	28.3612	3.6367	0	909.8690
2599298270	-6.6002	-3.6626	664.9402	0.5565	0.5248	0.7165	0.5908	0.7048	46.6489	115.5606	33.2892	4.1352	0	37.4594	2.2209	666.4391	0.4171	0.4922	0.7215	0.5975	0.7456	50.0887	104.6072	28.8483	3.6551	0	913.1350
2599301607	-6.7050	-3.5462	664.8647	0.5569	0.5242	0.7162	0.5873	0.7078	44.8596	114.7508	32.9609	4.1319	0	37.3705	2.3746	666.5209	0.4174	0.4913	0.7217	0.6026	0.7524	52.7180	102.7586	28.0989	3.6179	0	916.4720
2599304966	-6.8164	-3.4327	665.0827	0.5572	0.5236	0.7169	0.5870	0.7280	44.6893	109.3308	30.7635	4.1409	0	37.2416	2.5322	666.4609	0.4178	0.4905	0.7215	0.5993	0.7644	51.0379	99.5481	26.7972	3.6718	0	919.8310
2599308322	-6.9428	-3.3089	665.2701	0.5576	0.5229	0.7176	0.5864	0.7191	44.3789	111.7169	31.7309	4.1245	0	37.1140	2.6833	666.5490	0.4182	0.4896	0.7218	0.6056	0.7469	54.2380	104.2523	28.7045	3.6387	0	923.1870
2599311686	-7.0703	-3.1741	665.1424	0.5580	0.5221	0.7171	0.5877	0.7203	45.0555	111.3939	31.5999	4.1164	0	36.9884	2.8280	666.5937	0.4186	0.4888	0.7220	0.5950	0.7591	48.8149	100.9762	27.3762	3.6862	0	926.5510
2599314933	-7.2080	-3.0396	665.4013	0.5584	0.5214	0.7180	0.5857	0.7144	44.0073	112.9679	32.2381	4.1064	0	36.8560	2.9775	666.7095	0.4191	0.4880	0.7224	0.5980	0.7407	50.3447	105.9154	29.3788	3.5994	0	929.7980
2599318294	-7.3415	-2.9019	665.5405	0.5589	0.5206	0.7185	0.5874	0.6966	44.9300	117.7681	34.1842	4.1355	0	36.7135	3.1288	666.6843	0.4195	0.4871	0.7223	0.5908	0.7475	46.6351	104.0912	28.6392	3.6306	0	933.1590
2599321652	-7.4785	-2.7529	665.6695	0.5593	0.5197	0.7189	0.5947	0.7140	48.6686	113.0838	32.2851	4.1344	0	36.5819	3.2839	666.6996	0.4199	0.4863	0.7223	0.6001	0.7468	51.4227	104.2708	28.7120	3.6496	0	936.5170
2599325010	-7.5786	-2.6055	665.5977	0.5596	0.5189	0.7187	0.5969	0.7136	49.8091	113.2074	32.3352	4.1589	0	36.4806	3.4482	667.0030	0.4203	0.4854	0.7233	0.6174	0.7469	60.3122	104.2522	28.7044	3.6751	0	939.8750
2599328343	-7.6859	-2.4603	665.7728	0.5599	0.5181	0.7192	0.6191	0.7071	61.2005	114.9463	33.0402	4.1254	0	36.3525	3.6115	666.8164	0.4207	0.4845	0.7227	0.6293	0.7461	66.4442	104.4643	28.7904	3.6160	0	943.2080
2599331617	-7.8045	-2.2952	665.8446	0.5603	0.5172	0.7195	0.6367	0.6947	70.2434	118.2614	34.3842	4.1565	0	36.2452	3.7764	666.9506	0.4210	0.4836	0.7232	0.6564	0.7374	80.3784	106.7946	29.7352	3.6370	0	946.4820
2599334978	-7.9006	-2.1384	666.0938	0.5606	0.5163	0.7203	0.6431	0.7009	73.5143	116.6186	33.7182	4.2103	0	36.1387	3.9377	667.1463	0.4214	0.4827	0.7238	0.6603	0.7199	82.3612	111.5012	31.6434	3.6474	0	949.8430
2599338335	-8.0295	-1.9809	666.0751	0.5610	0.5154	0.7203	0.6477	0.7061	75.8962	115.2145	33.1489	4.1689	0	36.0046	4.0868	667.0100	0.4218	0.4818	0.7234	0.6618	0.7463	83.1321	104.4052	28.7664	3.6290	0	953.2000
2599341580	-8.1540	-1.8323	666.2689	0.5614	0.5146	0.7209	0.6525	0.6942	78.3701	118.4217	34.4492	4.1832	0	35.8803	4.2156	667.0924	0.4222	0.4811	0.7236	0.6662	0.7320	85.4083	108.2431	30.3225	3.6467	0	956.4450
2599344950	-8.2924	-1.6827	666.5612	0.5618	0.5138	0.7219	0.6473	0.6975	75.6965	117.5271	34.0865	4.2000	0	35.7543	4.3443	667.2585	0.4226	0.4804	0.7242	0.6582	0.7382	81.2642	106.5738	29.6457	3.6449	0	959.8150
2599348298	-8.4248	-1.5263	666.4488	0.5622	0.5129	0.7215	0.6503	0.7072	77.2401	114.9107	33.0257	4.2132	0	35.6221	4.4816	667.3360	0.4230	0.4796	0.7245	0.6619	0.7387	83.1803	106.4401	29.5915	3.6481	0	963.1630
2599351659	-8.5591	-1.3846	666.5288	0.5627	0.5121	0.7218	0.6401	0.6953	71.9777	118.1019	34.3196	4.2119	0	35.4806	4.6119	667.1615	0.4234	0.4789	0.7239	0.6660	0.7329	85.3150	108.0088	30.2275	3.6090	0	966.5240
2599354937	-8.6949	-1.2376	666.8339	0.5631	0.5113	0.7228	0.6526	0.6995	78.4151	116.9844	33.8665	4.1971	0	35.3636	4.7213	667.3285	0.4238	0.4783	0.7244	0.6552	0.7382	79.7515	106.5942	29.6539	3.6449	0	969.8020
2599358261	-8.8204	-1.0978	666.9232	0.5635	0.5105	0.7231	0.6389	0.7109	71.3828	113.9315	32.6287	4.2128	0	35.2585	4.8415	667.5260	0.4242	0.4777	0.7251	0.6581	0.7375	81.2558	106.7842	29.7310	3.6091	0	973.1260
2599361626	-8.9417	-0.9579	666.8637	0.5639	0.5097	0.7229	0.6462	0.6974	75.0967	117.5614	34.1004	4.2198	0	35.1337	4.9681	667.3574	0.4246	0.4769	0.7245	0.6655	0.7438	85.0135	105.0730	29.0372	3.5826	0	976.4910
2599364988	-9.0419	-0.8229	667.1784	0.5642	0.5090	0.7239	0.6529	0.6860	78.5829	120.6064	35.3350	4.2159	0	35.0431	5.0666	667.4881	0.4249	0.4764	0.7250	0.6505	0.7406	77.3307	105.9295	29.3845	3.6513	0	979.8530
2599368256	-9.1480	-0.6849	667.2526	0.5645	0.5082	0.7242	0.6475	0.6901	75.7607	119.5210	34.8949	4.2241	0	34.9413	5.1845	667.5432	0.4252	0.4758	0.7251	0.6645	0.7346	84.5037	107.5443	30.0392	3.6410	0	983.1210
2599371580	-9.2283	-0.5520	667.3181	0.5647	0.5075	0.7244	0.6497	0.6842	76.8966	121.1037	35.5366	4.2179	0	34.8651	5.2948	667.5485	0.4254	0.4751	0.7252	0.6657	0.7222	85.1371	110.8719	31.3883	3.6382	0	986.4450
2599374954	-9.3208	-0.4210	667.2533	0.5650	0.5068	0.7242	0.6504	0.6977	77.2699	117.4758	34.0657	4.2045	0	34.7814	5.3932	667.6096	0.4257	0.4746	0.7254	0.6641	0.7224	84.3337	110.8406	31.3756	3.6563	0	989.8190
2599378309	-9.3877	-0.2914	667.5155	0.5652	0.5060	0.7251	0.6492	0.7064	76.6450	115.1307	33.1149	4.2118	0	34.7317	5.5163	667.7757	0.4259	0.4739	0.7259	0.6614	0.7370	82.9108	106.9158	29.7843	3.6202	0	993.1740
2599381669	-9.4459	-0.1660	667.5021	0.5654	0.5053	0.7250	0.6403	0.7151	72.1009	112.7814	32.1625	4.1973	0	34.6690	5.6125	667.7998	0.4261	0.4734	0.7260	0.6611	0.7151	82.7842	112.7935	32.1673	3.5840	0	996.5340
2599384904	-9.5108	-0.0405	667.7093	0.5656	0.5046	0.7257	0.6401	0.7121	71.9580	113.5946	32.4922	4.2444	0	34.6095	5.7154	667.7746	0.4263	0.4728	0.7259	0.6680	0.7189	86.2988	111.7621	31.7492	3.6389	0	999.7690
2599388279	-9.5489	0.0797	667.7029	0.5657	0.5040	0.7257	0.6415	0.6966	72.7187	117.7722	34.1859	4.2229	0	34.5849	5.8288	667.9099	0.4264	0.4722	0.7264	0.6585	0.7367	81.4622	106.9846	29.8122	3.6354	0	1003.1440
2599391640	-9.5719	0.1966	667.7634	0.5658	0.5033	0.7259	0.6463	0.6920	75.1728	119.0037	34.6852	4.1437	0	34.5628	5.9148	667.9667	0.4264	0.4717	0.7266	0.6591	0.7256	81.7635	109.9769	31.0254	3.6689	0	1006.5050
2599394989	-9.5917	0.3098	667.8583	0.5659	0.5027	0.7262	0.6437	0.6922	73.8187	118.9425	34.6604	4.1285	0	34.5497	6.0323	668.0294	0.4265	0.4711	0.7268	0.6624	0.7324	83.4256	108.1518	30.2855	3.6212	0	1009.8540
2599398245	-9.6109	0.4192	668.0533	0.5659	0.5021	0.7268	0.6432	0.6873	73.5799	120.2653	35.1967	4.1621	0	34.5402	6.1145	668.1307	0.4265	0.4706	0.7271	0.6592	0.7177	81.8089	112.0956	31.8844	3.6255	0	1013.1100
2599401604	-9.6164	0.5283	668.0986	0.5659	0.5015	0.7270	0.6492	0.6832	76.6377	121.3574	35.6395	4.1688	0	34.5445	6.2200	668.2072	0.4265	0.4700	0.7274	0.6611	0.7305	82.7852	108.6557	30.4898	3.6494	0	1016.4690
2599404962	-9.6115	0.6306	668.1904	0.5659	0.5009	0.7273	0.6429	0.6963	73.4010	117.8443	34.2151	4.1779	0	34.5478	6.2974	668.2433	0.4265	0.4696	0.7275	0.6597	0.7339	82.0701	107.7484	30.1219	3.6462	0	1019.8270
2599408321	-9.5942	0.7353	668.1749	0.5659	0.5003	0.7272	0.6451	0.7082	74.5621	114.6522	32.9209	4.1718	0	34.5641	6.3956	668.2292	0.4264	0.4691	0.7274	0.6694	0.7197	87.0210	111.5551	31.6653	3.6041	0	1023.1860
2599411594	-9.5748	0.8248	668.1592	0.5658	0.4998	0.7272	0.6529	0.7070	78.5442	114.9627	33.0468	4.1835	0	34.5871	6.4600	668.3155	0.4264	0.4687	0.7277	0.6625	0.7220	83.4720	110.9395	31.4157	3.6155	0	1026.4590
2599414919	-9.5411	0.9041	668.3775	0.5657	0.4994	0.7279	0.6477	0.7113	75.8687	113.8187	32.5830	4.1678	0	34.6137	6.5533	668.3287	0.4263	0.4682	0.7278	0.6615	0.7422	82.9852	105.5166	29.2170	3.6685	0	1029.7840
2599418284	-9.5017	0.9921	668.6330	0.5656	0.4989	0.7288	0.6423	0.7003	73.1354	116.7798	33.7835	4.1616	0	34.6774	6.6130	668.6897	0.4261	0.4679	0.7290	0.6587	0.7368	81.5290	106.9516	29.7989	3.6858	0	1033.1490
2599421648	-9.4607	1.0664	668.6245	0.5654	0.4985	0.7287	0.6483	0.6934	76.2089	118.6322	34.5345	4.1886	0	34.7252	6.6759	668.5940	0.4260	0.4675	0.7286	0.6615	0.7278	83.0035	109.3828	30.7845	3.6111	0	1036.5130
2599424893	-9.4029	1.1345	668.5441	0.5652	0.4981	0.7285	0.6449	0.6970	74.4458	117.6673	34.1433	4.1622	0	34.7745	6.7378	668.5068	0.4258	0.4672	0.7284	0.6601	0.7207	82.2848	111.2820	31.5545	3.6810	0	1039.7580
2599428270	-9.3335	1.1989	668.7798	0.5650	0.4978	0.7293	0.6419	0.7012	72.8826	116.5224	33.6792	4.1767	0	34.8668	6.7795	668.9389	0.4256	0.4670	0.7298	0.6596	0.7251	82.0241	110.1046	31.0772	3.6252	0	1043.1350
2599431610	-9.2657	1.2531	668.6897	0.5648	0.4975	0.7290	0.6478	0.6922	75.9541	118.9444	34.6612	4.1407	0	34.9240	6.8092	668.7552	0.4254	0.4668	0.7292	0.6574	0.7361	80.8686	107.1535	29.8807	3.6547	0	1046.4750
2599434958	-9.1792	1.3028	668.8774	0.5645	0.4972	0.7296	0.6439	0.6909	73.9546	119.2981	34.8045	4.1666	0	35.0083	6.8457	668.8425	0.4251	0.4666	0.7295	0.6598	0.7317	82.1079	108.3331	30.3590	3.6405	0	1049.8230
2599438240	-9.1080	1.3495	668.8016	0.5643	0.4969	0.7293	0.6349	0.6975	69.3114	117.5325	34.0887	4.1298	0	35.0951	6.8735	668.8717	0.4249	0.4665	0.7296	0.6562	0.7537	80.2647	102.4219	27.9623	3.6779	0	1053.1050
2599441592	-9.0073	1.3852	668.8477	0.5640	0.4967	0.7295	0.6485	0.6908	76.3037	119.3281	34.8167	4.1415	0	35.1915	6.8927	668.9612	0.4246	0.4664	0.7299	0.6650	0.7306	84.7540	108.6206	30.4755	3.6506	0	1056.4570
2599444940	-8.9234	1.4109	669.0226	0.5637	0.4966	0.7301	0.6427	0.6973	73.2939	117.5653	34.1020	4.1640	0	35.2872	6.9068	668.9748	0.4243	0.4663	0.7299	0.6588	0.7346	81.5966	107.5662	30.0480	3.6874	0	1059.8050
2599448295	-8.8118	1.4294	668.9691	0.5634	0.4965	0.7299	0.6478	0.6903	75.9570	119.4510	34.8665	4.1470	0	35.4044	6.9001	669.1656	0.4239	0.4663	0.7306	0.6668	0.7323	85.6933	108.1693	30.2925	3.6248	0	1063.1600
2599451660	-8.7071	1.4427	668.9882	0.5630	0.4964	0.7300	0.6461	0.6900	75.0487	119.5344	34.9003	4.1977	0	35.5085	6.8827	669.1556	0.4236	0.4664	0.7305	0.6705	0.7274	87.5918	109.4843	30.8257	3.6686	0	1066.5250
2599454902	-8.6023	1.4503	669.1032	0.5627	0.4964	0.7303	0.6452	0.7032	74.6226	115.9857	33.4616	4.1507	0	35.6219	6.8646	669.1831	0.4232	0.4665	0.7306	0.6690	0.7240	86.8247	110.3932	31.1942	3.6387	0	1069.7670
2599458260	-8.4720	1.4481	669.0312	0.5623	0.4964	0.7301	0.6385	0.6895	71.1466	119.6696	34.9552	4.1469	0	35.7545	6.8333	669.3388	0.4228	0.4667	0.7311	0.6618	0.7331	83.1419	107.9443	30.2013	3.6802	0	1073.1250
2599461620	-8.3553	1.4299	669.0916	0.5619	0.4965	0.7303	0.6443	0.6921	74.1634	118.9622	34.6684	4.1787	0	35.8702	6.8045	669.2500	0.4225	0.4669	0.7308	0.6637	0.7274	84.0987	109.4852	30.8261	3.6688	0	1076.4850
2599464967	-8.2361	1.4147	669.2693	0.5615	0.4966	0.7309	0.6417	0.7128	72.8162	113.4091	32.4170	4.1520	0	35.9959	6.7715	669.4159	0.4221	0.4671	0.7314	0.6689	0.7359	86.7614	107.1916	29.8962	3.6646	0	1079.8320
2599468247	-8.0932	1.3848	669.1549	0.5611	0.4967	0.7305	0.6441	0.6907	74.0394	119.3381	34.8208	4.1742	0	36.1446	6.7250	669.4701	0.4216	0.4673	0.7316	0.6654	0.7311	84.9963	108.4880	30.4217	3.6589	0	1083.1120
2599471591	-7.9473	1.3482	669.2102	0.5606	0.4970	0.7307	0.6487	0.6957	76.3973	117.9939	34.2758	4.1306	0	36.2925	6.6593	669.5068	0.4212	0.4677	0.7317	0.6612	0.7277	82.8165	109.3948	30.7894	3.6523	0	1086.4560
2599474945	-7.8070	1.3031	669.2560	0.5602	0.4972	0.7309	0.6494	0.6842	76.7595	121.0880	35.5302	4.1456	0	36.4475	6.6119	669.6303	0.4207	0.4679	0.7321	0.6625	0.7326	83.5044	108.0778	30.2555	3.6855	0	1089.8100
2599478293	-7.6616	1.2528	669.2448	0.5597	0.4975	0.7308	0.6509	0.7029	77.5350	116.0615	33.4923	4.1684	0	36.5842	6.5460	669.5988	0.4203	0.4683	0.7320	0.6602	0.7336	82.3324	107.8335	30.1564	3.7084	0	1093.1580
2599481666	-7.5106	1.1975	669.2185	0.5593	0.4978	0.7307	0.6461	0.6908	75.0424	119.3276	34.8165	4.1864	0	36.7413	6.4748	669.7444	0.4198	0.4687	0.7325	0.6683	0.7506	86.4671	103.2536	28.2995	3.6672	0	1096.5310
2599484915	-7.3545	1.1260	669.2326	0.5588	0.4982	0.7308	0.6479	0.6690	76.0145	125.1901	37.1934	4.1671	0	36.8935	6.4122	669.6436	0.4193	0.4691	0.7321	0.6638	0.7460	84.1595	104.4833	28.7981	3.6760	0	1099.7800
2599488275	-7.1851	1.0580	669.3485	0.5582	0.4986	0.7312	0.6487	0.6885	76.3998	119.9448	35.0667	4.1819	0	37.0665	6.3158	669.7023	0.4188	0.4696	0.7323	0.6724	0.7111	88.5746	113.8665	32.6024	3.6754	0	1103.1400
2599491628	-7.0140	0.9733	669.2342	0.5577	0.4990	0.7308	0.6485	0.6786	76.3065	122.5886	36.1386	4.1823	0	37.2371	6.2501	669.7065	0.4182	0.4700	0.7324	0.6653	0.7455	84.9087	104.6292	28.8573	3.6880	0	1106.4930
2599494904	-6.8323	0.8894	669.3742	0.5571	0.4995	0.7312	0.6458	0.6911	74.8946	119.2353	34.7791	4.1843	0	37.4221	6.1474	669.7808	0.4177	0.4705	0.7326	0.6690	0.7337	86.8472	107.7865	30.1373	3.6924	0	1109.7690
2599498257	-6.6478	0.7884	669.2216	0.5566	0.5001	0.7307	0.6530	0.6894	78.6143	119.7042	34.9692	4.1587	0	37.6049	6.0762	669.7803	0.4171	0.4709	0.7326	0.6639	0.7334	84.2286	107.8732	30.1725	3.6910	0	1113.1220
2599501600	-6.4445	0.6930	669.3550	0.5559	0.5006	0.7312	0.6489	0.6917	76.4864	119.0751	34.7141	4.2054	0	37.8156	5.9730	669.9574	0.4165	0.4715	0.7332	0.6690	0.7067	86.8453	115.0555	33.0845	3.6537	0	1116.4650
2599504955	-6.2460	0.5945	669.2044	0.5553	0.5011	0.7307	0.6544	0.7128	79.3257	113.4083	32.4166	4.1249	0	38.0034	5.9012	669.9771	0.4159	0.4719	0.7333	0.6677	0.7340	86.1786	107.7205	30.1106	3.6329	0	1119.8200
2599508241	-6.0334	0.4839	669.2588	0.5546	0.5017	0.7309	0.6574	0.7036	80.8849	115.8906	33.4230	4.0727	0	38.2173	5.7971	669.9946	0.4152	0.4725	0.7333	0.6775	0.7305	91.2149	108.6529	30.4886	3.6424	0	1123.1060
2599511573	-5.8115	0.3772	669.2671	0.5539	0.5023	0.7309	0.6530	0.7179	78.6275	112.0453	31.8640	4.0930	0	38.4366	5.7250	669.9714	0.4145	0.4729	0.7332	0.6753	0.7323	90.0819	108.1783	30.2962	3.5958	0	1126.4380
2599514910	-5.5660	0.2585	669.1341	0.5532	0.5030	0.7304	0.6535	0.7003	78.8738	116.7653	33.7776	4.0751	0	38.6789	5.6201	670.1032	0.4138	0.4735	0.7337	0.6733	0.6958	89.0498	117.9664	34.2646	3.5394	0	1129.7750
2599518270	-5.3226	0.1385	669.1680	0.5524	0.5037	0.7306	0.6530	0.7027	78.6145	116.1313	33.5206	4.0379	0	38.9166	5.5463	670.0552	0.4130	0.4739	0.7335	0.6711	0.7319	87.9095	108.2875	30.3405	3.6161	0	1133.1350
2599521644	-5.0729	0.0120	669.1601	0.5516	0.5044	0.7305	0.6566	0.6846	80.4495	120.9880	35.4897	4.0464	0	39.1634	5.4408	670.0656	0.4122	0.4745	0.7336	0.6723	0.7233	88.5532	110.5818	31.2706	3.6028	0	1136.5090
2599524899	-4.7987	-0.1132	669.0647	0.5507	0.5051	0.7302	0.6583	0.7079	81.3224	114.7382	32.9558	4.0775	0	39.4235	5.3633	670.1255	0.4114	0.4749	0.7338	0.6815	0.7358	93.2477	107.2438	29.9173	3.6276	0	1139.7640
2599528241	-4.5285	-0.2410	668.9865	0.5499	0.5058	0.7300	0.6638	0.6847	84.1605	120.9543	35.4760	4.0651	0	39.6921	5.2638	670.0986	0.4106	0.4754	0.7337	0.6692	0.7240	86.9285	110.4032	31.1982	3.6167	0	1143.1060
2599531607	-4.2462	-0.3720	669.0499	0.5490	0.5065	0.7302	0.6588	0.7055	81.5658	115.3609	33.2083	4.0963	0	39.9747	5.1891	670.1448	0.4097	0.4759	0.7338	0.6738	0.7310	89.2807	108.5117	30.4314	3.6208	0	1146.4720
2599534962	-3.9424	-0.5033	668.9538	0.5481	0.5072	0.7298	0.6590	0.6967	81.6724	117.7364	34.1714	4.1064	0	40.2671	5.0964	670.2701	0.4088	0.4764	0.7342	0.6779	0.7335	91.4091	107.8409	30.1594	3.6172	0	1149.8270
2599538233	-3.6427	-0.6359	668.9945	0.5471	0.5080	0.7300	0.6542	0.6963	79.2465	117.8564	34.2200	4.0826	0	40.5587	5.0302	670.1931	0.4079	0.4767	0.7340	0.6715	0.7386	88.1129	106.4720	29.6044	3.6534	0	1153.0980
2599541575	-3.3297	-0.7633	668.8922	0.5461	0.5087	0.7296	0.6542	0.6956	79.2377	118.0244	34.2881	4.0415	0	40.8688	4.9369	670.2249	0.4069	0.4772	0.7341	0.6725	0.7325	88.6301	108.1226	30.2736	3.6007	0	1156.4400
2599544928	-3.0018	-0.8920	669.0175	0.5451	0.5094	0.7301	0.6617	0.7001	83.0938	116.8253	33.8020	4.0824	0	41.1970	4.8798	670.3432	0.4059	0.4776	0.7345	0.6712	0.7358	87.9779	107.2309	29.9121	3.6133	0	1159.7930
2599548293	-2.6611	-1.0243	668.9800	0.5440	0.5101	0.7299	0.6605	0.5710	82.4823	151.5064	47.8629	3.7639	0	41.5185	4.8077	670.3098	0.4049	0.4780	0.7344	0.6796	0.7270	92.2737	109.5919	30.8693	3.6003	0	1163.1580
2599551652	-2.3130	-1.1437	668.9294	0.5429	0.5108	0.7298	0.6630	0.5134	83.7476	166.9816	54.1370	3.5838	0	41.8512	4.7428	670.3239	0.4038	0.4783	0.7344	0.6705	0.7364	87.5877	107.0607	29.8431	3.6249	0	1166.5170
2599554899	-1.9560	-1.2603	668.8414	0.5418	0.5114	0.7295	0.6637	0.6646	84.1220	126.3630	37.6689	3.9360	0	42.1893	4.6943	670.3022	0.4028	0.4786	0.7343	0.6773	0.7229	91.0937	110.6932	31.3158	3.5801	0	1169.7640
2599558258	-1.5996	-1.3754	668.9276	0.5407	0.5121	0.7298	0.6556	0.5158	79.9364	166.3528	53.8821	3.5460	0	42.5481	4.6411	670.4495	0.4017	0.4789	0.7348	0.6723	0.7373	88.5399	106.8195	29.7453	3.6671	0	1173.1230
2599561619	-1.2327	-1.4757	668.8102	0.5395	0.5126	0.7294	0.6659	0.5281	85.2570	163.0456	52.5412	3.5155	0	42.9021	4.5907	670.4742	0.4006	0.4792	0.7349	0.6696	0.7221	87.1152	110.9045	31.4015	3.6169	0	1176.4840
2599564981	-0.8638	-1.5727	668.7381	0.5384	0.5132	0.7291	0.6592	0.5140	81.8169	166.8182	54.0708	3.4611	0	43.2600	4.5590	670.4328	0.3994	0.4794	0.7348	0.6772	0.7152	91.0647	112.7619	32.1545	3.6234	0	1179.8460
2599568241	-0.4859	-1.6601	668.7314	0.5372	0.5136	0.7291	0.6622	0.5130	83.3256	167.1018	54.1858	3.5268	0	43.6289	4.5354	670.5389	0.3983	0.4795	0.7351	0.6749	0.7270	89.8643	109.6080	30.8758	3.6404	0	1183.1060
2599571583	-0.1024	-1.7376	668.7071	0.5360	0.5141	0.7290	0.6516	0.5225	77.8919	164.5533	53.1525	3.5464	0	43.9945	4.5143	670.5937	0.3971	0.4796	0.7353	0.6721	0.7372	88.3996	106.8555	29.7599	3.6465	0	1186.4480
2599574933	0.2739	-1.8046	668.7388	0.5348	0.5144	0.7291	0.6576	0.7104	80.9626	114.0535	32.6782	4.0345	0	44.3564	4.4910	670.6227	0.3960	0.4797	0.7354	0.6772	0.7454	91.0229	104.6472	28.8646	3.6696	0	1189.7980
2599578304	0.6670	-1.8643	668.5657	0.5336	0.5148	0.7286	0.6508	0.6412	77.4622	132.6452	40.2159	4.0814	0	44.7390	4.4828	670.6450	0.3948	0.4798	0.7355	0.6732	0.7300	88.9696	108.7859	30.5425	3.6719	0	1193.1690
2599581560	1.0447	-1.9008	668.7541	0.5324	0.5150	0.7292	0.6554	0.6429	79.8420	132.1796	40.0271	4.0629	0	45.1022	4.4840	670.7084	0.3937	0.4798	0.7357	0.6735	0.7269	89.1445	109.6095	30.8764	3.6643	0	1196.4250
2599584912	1.4129	-1.9209	668.7343	0.5312	0.5151	0.7291	0.6526	0.6182	78.4186	138.8173	42.7183	3.9796	0	45.4609	4.4922	670.7535	0.3926	0.4797	0.7358	0.6642	0.7393	84.3583	106.2981	29.5339	3.7233	0	1199.7770
2599588267	1.7736	-1.9331	668.7145	0.5301	0.5152	0.7290	0.6439	0.6935	73.9452	118.5843	34.5152	4.1202	0	45.8231	4.5124	670.8373	0.3914	0.4796	0.7361	0.6711	0.7393	87.9073	106.2922	29.5315	3.6901	0	1203.1320
2599591605	2.1341	-1.9261	668.6225	0.5289	0.5151	0.7287	0.6500	0.6920	77.0700	118.9904	34.6798	4.1347	0	46.1829	4.5406	671.0432	0.3903	0.4795	0.7368	0.6607	0.7464	82.5857	104.3861	28.7587	3.7152	0	1206.4700
2599594868	2.4808	-1.9021	668.6919	0.5278	0.5150	0.7290	0.6677	0.6099	86.1744	141.0552	43.6256	3.9944	0	46.5327	4.5721	671.2839	0.3893	0.4793	0.7376	0.6709	0.7244	87.8249	110.3000	31.1564	3.7139	0	1209.7330
2599598244	2.8233	-1.8721	668.7241	0.5268	0.5148	0.7291	0.6459	0.6692	74.9673	125.1349	37.1710	4.1431	0	46.8540	4.6085	671.3639	0.3883	0.4791	0.7379	0.6659	0.7283	85.2365	109.2431	30.7279	3.7356	0	1213.1090
2599601591	3.1602	-1.8236	668.6855	0.5257	0.5146	0.7290	0.6503	0.6808	77.2428	122.0127	35.9051	4.1061	0	47.1766	4.6660	671.3424	0.3873	0.4788	0.7378	0.6724	0.7231	88.6038	110.6367	31.2929	3.7023	0	1216.4560
2599604956	3.4955	-1.7532	668.6978	0.5246	0.5142	0.7290	0.6446	0.6657	74.2709	126.0660	37.5485	4.1379	0	47.4869	4.7456	671.2794	0.3863	0.4784	0.7376	0.6639	0.7227	84.1902	110.7550	31.3409	3.7289	0	1219.8210
2599608220	3.8134	-1.6845	668.5152	0.5236	0.5138	0.7284	0.6431	0.6918	73.5446	119.0615	34.7086	4.1853	0	47.8110	4.8200	671.5997	0.3853	0.4780	0.7387	0.6694	0.7393	87.0487	106.2986	29.5341	3.7693	0	1223.0850
2599611576	4.1145	-1.5922	668.5419	0.5227	0.5133	0.7285	0.6471	0.6855	75.5940	120.7524	35.3942	4.1093	0	48.1305	4.9363	671.8761	0.3844	0.4773	0.7396	0.6687	0.7323	86.6985	108.1756	30.2951	3.7169	0	1226.4410
2599614918	4.4207	-1.5053	668.7685	0.5217	0.5128	0.7292	0.6539	0.6696	79.0499	125.0253	37.1265	4.1446	0	48.4087	5.0543	671.6978	0.3834	0.4767	0.7390	0.6661	0.7386	85.3253	106.4717	29.6043	3.6993	0	1229.7830
2599618272	4.7324	-1.3878	668.7281	0.5207	0.5121	0.7291	0.6477	0.6865	75.8722	120.4829	35.2849	4.1767	0	48.6995	5.1888	671.9053	0.3826	0.4759	0.7397	0.6749	0.7187	89.8601	111.8249	31.7747	3.7084	0	1233.1370
2599621638	5.0160	-1.2739	668.7063	0.5198	0.5115	0.7290	0.6491	0.6674	76.6034	125.6122	37.3645	4.1655	0	48.9720	5.3475	671.9310	0.3817	0.4751	0.7398	0.6608	0.7355	82.6198	107.3033	29.9414	3.7485	0	1236.5030
2599624872	5.2869	-1.1431	668.7622	0.5190	0.5108	0.7292	0.6431	0.6864	73.5086	120.4921	35.2886	4.2287	0	49.2386	5.5196	672.1784	0.3809	0.4741	0.7406	0.6860	0.7234	95.5698	110.5676	31.2649	3.6818	0	1239.7370
2599628238	5.5542	-0.9925	668.6160	0.5181	0.5100	0.7287	0.6495	0.6900	76.8230	119.5296	34.8984	4.2315	0	49.4814	5.7033	672.1710	0.3802	0.4731	0.7406	0.6717	0.7361	88.2046	107.1555	29.8815	3.7475	0	1243.1030
2599631602	5.7955	-0.8356	668.7308	0.5174	0.5091	0.7291	0.6560	0.6901	80.1659	119.5224	34.8955	4.2285	0	49.7279	5.9018	672.3411	0.3794	0.4720	0.7411	0.6724	0.7416	88.5634	105.6630	29.2764	3.6983	0	1246.4670
2599634961	6.0137	-0.6797	668.5670	0.5167	0.5082	0.7286	0.6523	0.6857	78.2748	120.6910	35.3693	4.2266	0	49.9286	6.1004	672.3724	0.3788	0.4710	0.7412	0.6695	0.7254	87.1080	110.0370	31.0498	3.7250	0	1249.8260
2599638224	6.2157	-0.5178	668.6318	0.5160	0.5073	0.7288	0.6473	0.6740	75.6857	123.8238	36.6394	4.2673	0	50.1202	6.3182	672.4458	0.3782	0.4698	0.7415	0.6688	0.7397	86.7349	106.1770	29.4848	3.7607	0	1253.0890
2599641567	6.3999	-0.3526	668.6544	0.5154	0.5064	0.7288	0.6515	0.6998	77.8605	116.9048	33.8342	4.2446	0	50.2939	6.5301	672.4811	0.3776	0.4686	0.7416	0.6688	0.7240	86.7345	110.3942	31.1946	3.7412	0	1256.4320
2599644922	6.5653	-0.1891	668.6752	0.5149	0.5055	0.7289	0.6513	0.6949	77.7563	118.2253	34.3696	4.2300	0	50.4553	6.7362	672.5470	0.3771	0.4675	0.7418	0.6698	0.7290	87.2177	109.0586	30.6531	3.7583	0	1259.7870
2599648275	6.7098	-0.0183	668.7140	0.5145	0.5046	0.7290	0.6531	0.6942	78.6623	118.4088	34.4440	4.2449	0	50.5984	6.9438	672.7456	0.3767	0.4663	0.7425	0.6791	0.7136	92.0282	113.1944	32.3299	3.6981	0	1263.1400
2599651567	6.8485	0.1431	668.7178	0.5140	0.5037	0.7291	0.6511	0.7212	77.6511	111.1639	31.5067	4.2538	0	50.6968	7.1550	672.6278	0.3764	0.4652	0.7421	0.6705	0.7328	87.6183	108.0381	30.2394	3.7263	0	1266.4320
2599654895	6.9683	0.3095	668.5409	0.5136	0.5027	0.7285	0.6540	0.6998	79.1301	116.9004	33.8324	4.2366	0	50.8157	7.3703	672.6419	0.3760	0.4640	0.7421	0.6836	0.7178	94.3568	112.0767	31.8768	3.6726	0	1269.7600
2599658249	7.0603	0.4697	668.7546	0.5134	0.5019	0.7292	0.6550	0.6922	79.6276	118.9429	34.6605	4.2544	0	50.9107	7.5844	672.8205	0.3757	0.4628	0.7427	0.6702	0.7446	87.4706	104.8621	28.9517	3.7301	0	1273.1140
2599661603	7.1687	0.6248	668.6273	0.5130	0.5010	0.7288	0.6485	0.6940	76.2961	118.4722	34.4697	4.2422	0	50.9922	7.7890	672.7007	0.3755	0.4617	0.7423	0.6730	0.7468	88.8826	104.2819	28.7165	3.7477	0	1276.4680
2599664875	7.2362	0.7746	668.5782	0.5128	0.5002	0.7286	0.6581	0.7085	81.2509	114.5737	32.8891	4.2681	0	51.0466	7.9773	672.6992	0.3753	0.4606	0.7423	0.6755	0.7324	90.1729	108.1307	30.2769	3.7268	0	1279.7400
2599668212	7.3418	0.9072	668.6954	0.5125	0.4994	0.7290	0.6499	0.6908	77.0301	119.3194	34.8132	4.2460	0	51.1493	8.1584	672.9545	0.3750	0.4597	0.7432	0.6771	0.7202	90.9986	111.4148	31.6084	3.7137	0	1283.0770
2599671577	7.4355	1.0189	668.6527	0.5122	0.4988	0.7288	0.6559	0.7125	80.0815	113.4852	32.4478	4.2477	0	51.2001	8.3193	672.7459	0.3748	0.4588	0.7425	0.6846	0.7445	94.8240	104.9043	28.9688	3.7360	0	1286.4420
2599674934	7.5326	1.1286	668.6313	0.5118	0.4982	0.7288	0.6767	0.7155	90.8130	112.6818	32.1221	4.2504	0	51.2812	8.4714	672.9726	0.3746	0.4579	0.7432	0.7015	0.7550	103.5130	102.0709	27.8201	3.7647	0	1289.7990
2599678203	7.6041	1.2230	668.4613	0.5116	0.4977	0.7282	0.6958	0.7504	100.5830	103.3052	28.3205	4.2228	0	51.3432	8.6033	672.9301	0.3744	0.4572	0.7431	0.7212	0.7737	113.6529	97.0473	25.7833	3.7762	0	1293.0680
2599681561	7.6678	1.3143	668.3785	0.5114	0.4972	0.7279	0.6991	0.7434	102.2942	105.1908	29.0850	4.2646	0	51.3719	8.7256	672.7758	0.3743	0.4565	0.7426	0.7396	0.7829	123.0834	94.5758	24.7813	3.7448	0	1296.4260
2599684901	7.7067	1.3955	668.3421	0.5113	0.4967	0.7278	0.7062	0.7551	105.9592	102.0522	27.8125	4.2402	0	51.4056	8.8525	672.8338	0.3742	0.4558	0.7428	0.7340	0.7795	120.2408	95.4904	25.1521	3.7798	0	1299.7660
2599688260	7.7344	1.4880	668.4033	0.5112	0.4962	0.7280	0.7105	0.7534	108.1717	102.4890	27.9896	4.2229	0	51.4219	8.9500	672.9550	0.3741	0.4553	0.7432	0.7362	0.8003	121.3386	89.9010	22.8860	3.7406	0	1303.1250
2599691622	7.7495	1.5619	668.3863	0.5111	0.4958	0.7280	0.7113	0.7619	108.5594	100.2303	27.0738	4.1812	0	51.4361	9.0532	672.9603	0.3741	0.4547	0.7432	0.7283	0.8062	117.2881	88.3050	22.2389	3.7775	0	1306.4870
2599694870	7.7569	1.6420	668.3488	0.5111	0.4954	0.7278	0.7063	0.7579	105.9797	101.2898	27.5034	4.2471	0	51.4401	9.1303	672.8033	0.3740	0.4543	0.7427	0.7210	0.7960	113.5495	91.0463	23.3503	3.7416	0	1309.7350
2599698229	0.0000	0.0000	0.0000	-1.0000	-1.0000	0.0000	-1.0000	-1.0000	0.0000	0.0000	0.0000	-1.0000	4	0.0000	0.0000	0.0000	-1.0000	-1.0000	0.0000	-1.0000	-1.0000	0.0000	0.0000	0.0000	-1.0000	4	1313.0940
2599701587	0.0000	0.0000	0.0000	-1.0000	-1.0000	0.0000	-1.0000	-1.0000	0.0000	0.0000	0.0000	-1.0000	4	0.0000	0.0000	0.0000	-1.0000	-1.0000	0.0000	-1.0000	-1.0000	0.0000	0.0000	0.0000	-1.0000	4	1316.4520
2599704920	0.0000	0.0000	0.0000	-1.0000	-1.0000	0.0000	-1.0000	-1.0000	0.0000	0.0000	0.0000	-1.0000	4	0.0000	0.0000	0.0000	-1.0000	-1.0000	0.0000	-1.0000	-1.0000	0.0000	0.0000	0.0000	-1.0000	4	1319.7850
2599708195	7.7572	1.8243	668.0510	0.5111	0.4943	0.7268	0.7061	0.7590	105.9057	100.9917	27.3825	4.1897	0	51.4466	9.3483	672.7773	0.3740	0.4531	0.7426	0.7369	0.7820	121.7090	94.8189	24.8798	3.6817	0	1323.0600
2599711555	7.7559	1.8437	667.9903	0.5111	0.4942	0.7266	0.7173	0.7557	111.6701	101.8715	27.7392	4.2033	0	51.4444	9.3659	672.8028	0.3740	0.4530	0.7427	0.7323	0.7870	119.3326	93.4864	24.3396	3.6762	0	1326.4200
2599714909	7.7529	1.8565	667.9049	0.5111	0.4942	0.7263	0.7148	0.7488	110.3898	103.7273	28.4916	4.1968	0	51.4522	9.3824	672.8820	0.3740	0.4529	0.7429	0.7346	0.7913	120.5169	92.3200	23.8667	3.6643	0	1329.7740
2599718258	7.7505	1.8678	667.8179	0.5111	0.4941	0.7261	0.7082	0.7712	106.9494	97.7133	26.0533	4.2095	0	51.4505	9.3858	672.8814	0.3740	0.4529	0.7429	0.7359	0.7898	121.2294	92.7171	24.0277	3.6820	0	1333.1230
2599721537	7.7486	1.8770	667.7396	0.5111	0.4940	0.7258	0.7071	0.7595	106.4132	100.8680	27.3324	4.2294	0	51.4449	9.3806	672.8557	0.3740	0.4529	0.7429	0.7385	0.7814	122.5218	94.9893	24.9489	3.6836	0	1336.4020
2599724882	7.7435	1.8853	667.6502	0.5111	0.4940	0.7255	0.7156	0.7601	110.7927	100.7052	27.2663	4.2068	0	51.4305	9.3687	672.7584	0.3741	0.4530	0.7425	0.7368	0.7804	121.6474	95.2354	25.0487	3.6602	0	1339.7470
2599728236	7.7351	1.8878	667.5043	0.5111	0.4940	0.7250	0.7063	0.7663	106.0033	99.0356	26.5894	4.2277	0	51.4232	9.3502	672.7230	0.3741	0.4531	0.7424	0.7384	0.7855	122.4892	93.8790	24.4988	3.6886	0	1343.1010
2599731597	7.7303	1.8865	667.4328	0.5112	0.4940	0.7248	0.7074	0.7628	106.5683	99.9870	26.9752	4.2505	0	51.4136	9.3241	672.7070	0.3741	0.4532	0.7424	0.7348	0.7838	120.6650	94.3317	24.6823	3.6871	0	1346.4620
2599734957	7.7192	1.8825	667.2952	0.5112	0.4940	0.7243	0.7140	0.7593	109.9729	100.9080	27.3486	4.1967	0	51.4044	9.2968	672.7231	0.3741	0.4534	0.7424	0.7378	0.7805	122.1615	95.2235	25.0439	3.6654	0	1349.8220
2599738205	7.7101	1.8742	667.2028	0.5112	0.4940	0.7240	0.7136	0.7593	109.7465	100.9190	27.3530	4.2319	0	51.3833	9.2642	672.6291	0.3742	0.4536	0.7421	0.7346	0.7760	120.5309	96.4238	25.5305	3.6894	0	1353.0700
2599741563	7.6990	1.8633	667.1146	0.5112	0.4941	0.7237	0.7101	0.7592	107.9568	100.9468	27.3643	4.2605	0	51.3630	9.2350	672.5766	0.3742	0.4537	0.7419	0.7371	0.7741	121.8071	96.9489	25.7434	3.6951	0	1356.4280
2599744920	7.6839	1.8477	667.0205	0.5113	0.4942	0.7234	0.7090	0.7553	107.3607	101.9793	27.7829	4.2443	0	51.3472	9.2055	672.5769	0.3743	0.4539	0.7419	0.7438	0.7857	125.2692	93.8326	24.4800	3.6948	0	1359.7850
2599748208	7.6597	1.8331	666.8922	0.5114	0.4943	0.7230	0.7160	0.7901	110.9733	92.6443	23.9982	4.1209	0	51.3226	9.1623	672.5863	0.3744	0.4541	0.7420	0.7386	0.7830	122.6086	94.5436	24.7682	3.6680	0	1363.0730
2599751545	7.6327	1.8152	666.7307	0.5114	0.4944	0.7224	0.7145	0.7631	110.1915	99.8979	26.9390	4.2351	0	51.2933	9.1089	672.5758	0.3745	0.4544	0.7419	0.7352	0.7914	120.8517	92.3037	23.8601	3.7193	0	1366.4100
2599754886	7.5993	1.7917	666.6467	0.5115	0.4945	0.7222	0.7154	0.7633	110.6904	99.8415	26.9162	4.2406	0	51.2645	9.0648	672.5752	0.3746	0.4546	0.7419	0.7347	0.7941	120.6123	91.5523	23.5555	3.7039	0	1369.7510
2599758246	7.5605	1.7610	666.4664	0.5117	0.4947	0.7216	0.7127	0.7588	109.2647	101.0498	27.4061	4.2229	0	51.2135	9.0177	672.4732	0.3747	0.4549	0.7416	0.7363	0.7963	121.4258	90.9769	23.3222	3.7235	0	1373.1110
2599761605	7.5169	1.7217	666.4761	0.5118	0.4949	0.7216	0.7173	0.7524	111.6689	102.7590	28.0990	4.2458	0	51.1549	8.9490	672.3677	0.3749	0.4553	0.7412	0.7398	0.7807	123.2237	95.1699	25.0222	3.7118	0	1376.4700
2599764875	7.4582	1.6829	666.2248	0.5120	0.4951	0.7207	0.7169	0.7443	111.4324	104.9335	28.9807	4.2412	0	51.1001	8.8922	672.3421	0.3750	0.4556	0.7411	0.7379	0.7820	122.2098	94.8042	24.8739	3.7124	0	1379.7400
2599768206	7.3964	1.6509	666.0369	0.5122	0.4953	0.7201	0.7114	0.7618	108.6421	100.2379	27.0769	4.2349	0	51.0246	8.8354	672.2570	0.3753	0.4559	0.7409	0.7418	0.7728	124.2491	97.2851	25.8797	3.7040	0	1383.0710
2599771572	7.3211	1.6055	665.8984	0.5124	0.4955	0.7197	0.7142	0.7578	110.0543	101.3281	27.5189	4.2457	0	50.9434	8.7560	672.1357	0.3755	0.4563	0.7405	0.7396	0.7828	123.1283	94.6004	24.7913	3.7412	0	1386.4370
2599774929	7.2370	1.5485	665.8022	0.5127	0.4958	0.7193	0.7173	0.7534	111.6272	102.5128	27.9992	4.2314	0	50.8660	8.6907	672.1453	0.3757	0.4567	0.7405	0.7412	0.7815	123.9363	94.9584	24.9364	3.7107	0	1389.7940
2599778209	7.1448	1.4978	665.6860	0.5129	0.4961	0.7190	0.7094	0.7593	107.5912	100.9245	27.3553	4.2185	0	50.7614	8.6185	671.9836	0.3760	0.4571	0.7399	0.7409	0.7860	123.7949	93.7411	24.4429	3.6884	0	1393.0740
2599781539	7.0410	1.4480	665.4714	0.5133	0.4964	0.7182	0.7086	0.7726	107.1716	97.3526	25.9071	4.2407	0	50.6582	8.5287	671.8993	0.3763	0.4575	0.7397	0.7418	0.7912	124.2248	92.3418	23.8756	3.7194	0	1396.4040
2599784897	6.9293	1.3747	665.2886	0.5136	0.4968	0.7176	0.7168	0.7495	111.3806	103.5583	28.4231	4.2421	0	50.5439	8.4520	671.7933	0.3767	0.4580	0.7393	0.7364	0.7920	121.4660	92.1308	23.7900	3.7069	0	1399.7620
2599788252	6.8122	1.3081	665.1503	0.5140	0.4972	0.7172	0.7119	0.7536	108.8816	102.4401	27.9697	4.2440	0	50.4241	8.3515	671.7426	0.3771	0.4585	0.7391	0.7418	0.7867	124.2434	93.5428	24.3625	3.7253	0	1403.1170
2599791527	6.6751	1.2377	664.9771	0.5144	0.4976	0.7166	0.7077	0.7597	106.7145	100.8080	27.3080	4.2429	0	50.2861	8.2646	671.6123	0.3775	0.4590	0.7387	0.7441	0.7708	125.4080	97.8330	26.1019	3.6982	0	1406.3920
2599794871	6.5298	1.1522	664.9184	0.5149	0.4980	0.7164	0.7185	0.7562	112.2844	101.7563	27.6925	4.2454	0	50.1485	8.1565	671.5066	0.3779	0.4596	0.7384	0.7392	0.7768	122.9084	96.2078	25.4429	3.6765	0	1409.7360
2599798219	6.3754	1.0700	664.7024	0.5154	0.4985	0.7157	0.7134	0.7583	109.6225	101.1877	27.4620	4.2355	0	49.9913	8.0473	671.3807	0.3783	0.4602	0.7379	0.7370	0.7833	121.7893	94.4671	24.7372	3.6903	0	1413.0840
2599801575	6.2155	0.9729	664.6025	0.5159	0.4990	0.7153	0.7086	0.7614	107.1632	100.3614	27.1269	4.2989	0	49.8356	7.9448	671.3367	0.3788	0.4607	0.7378	0.7390	0.7870	122.7749	93.4603	24.3290	3.6823	0	1416.4400
2599804944	6.0355	0.8772	664.4150	0.5164	0.4996	0.7147	0.7104	0.7632	108.0951	99.8715	26.9283	4.2326	0	49.6608	7.8151	671.2321	0.3794	0.4614	0.7374	0.7438	0.7798	125.2575	95.4189	25.1231	3.7245	0	1419.8090
2599808190	5.8537	0.7707	664.2997	0.5170	0.5002	0.7143	0.7125	0.7595	109.1587	100.8531	27.3263	4.2497	0	49.4669	7.6970	670.9707	0.3799	0.4621	0.7366	0.7371	0.7830	121.8196	94.5455	24.7690	3.7524	0	1423.0550
2599811545	5.6563	0.6596	664.1084	0.5176	0.5008	0.7137	0.7137	0.7681	109.7956	98.5563	26.3951	4.2614	0	49.2785	7.5804	670.9495	0.3805	0.4627	0.7365	0.7357	0.7895	121.0963	92.8110	24.0658	3.7390	0	1426.4100
2599814907	5.4465	0.5541	664.0401	0.5183	0.5014	0.7135	0.7160	0.7692	110.9627	98.2426	26.2679	4.2429	0	49.0686	7.4424	670.7335	0.3811	0.4635	0.7358	0.7411	0.7865	123.8789	93.6037	24.3872	3.7451	0	1429.7720
2599818255	5.2263	0.4338	663.9595	0.5190	0.5020	0.7132	0.7135	0.7724	109.6969	97.4094	25.9301	4.2836	0	48.8617	7.3121	670.5980	0.3818	0.4642	0.7353	0.7355	0.7735	121.0039	97.1102	25.8088	3.7251	0	1433.1200
2599821524	5.0074	0.3179	663.7353	0.5197	0.5027	0.7125	0.7217	0.7613	113.9325	100.3672	27.1293	4.2719	0	48.6374	7.1975	670.4523	0.3825	0.4648	0.7348	0.7383	0.7786	122.4630	95.7411	25.2537	3.7149	0	1436.3890
2599824861	4.7695	0.2080	663.5510	0.5204	0.5033	0.7118	0.7154	0.7579	110.6576	101.2880	27.5027	4.2357	0	48.4138	7.0600	670.3184	0.3831	0.4655	0.7344	0.7459	0.7640	126.3330	99.6458	26.8368	3.6849	0	1439.7260
2599828236	4.5229	0.0824	663.4357	0.5212	0.5040	0.7115	0.7156	0.7628	110.7817	99.9732	26.9696	4.2734	0	48.1671	6.9224	670.1569	0.3839	0.4663	0.7339	0.7396	0.7812	123.1204	95.0289	24.9650	3.6990	0	1443.1010
